    date/time P   elap grid   htMSL  pres dirspd     lat      lon       file      dist
                   min   id      ft    mb deg kt     deg      deg                  nmi
_______________________________________________________________________________________
20180721 1300 A      0 00EN6   5377                                   19912000072
20180721 1301 A      1 00EN6   4378   872 196010  39.23943 -103.69511 19912000072  56.376
20180721 1302 A      2 00EN6   5707   833 197013  39.24299 -103.69365 19912000072  56.295
20180721 1303 A      3 00EN6   7036   795 200019  39.24818 -103.69122 19912000072  56.199
20180721 1304 A      4 00EN6   8365   759 200019  39.25331 -103.68879 19912000072  56.102
20180721 1305 A      5 00EN6   9694   720 206016  39.25752 -103.68608 19912000072  56.047
20180721 1306 A      6 00EN6  11023   687 215014  39.26082 -103.68308 19912000072  56.042
20180721 1307 A      7 00EN6  12352   655 223013  39.26352 -103.67982 19912000072  56.071
20180721 1308 A      8 00EN6  13681   625 224011  39.26584 -103.67690 19912000072  56.094
20180721 1309 A      9 00EN6  15010   595 224009  39.26779 -103.67447 19912000072  56.120
20180721 1310 A     10 00EN6  16339   567 220007  39.26930 -103.67280 19912000072  56.129
20180721 1311 A     11 00EN6  17668   539 213004  39.27039 -103.67190 19912000072  56.128
20180721 1312 A     12 00EN6  18997   513 191001  39.27092 -103.67176 19912000072  56.109
20180721 1313 A     13 00EN6  20326   487 180000  39.27119 -103.67176 19912000072  56.101
20180721 1314 A     14 00EN6  21655   460 248002  39.27141 -103.67107 19912000072  56.118
20180721 1315 A     15 00EN6  22984   437 257004  39.27168 -103.66953 19912000072  56.167
20180721 1316 A     16 00EN6  24313   414 256007  39.27216 -103.66689 19912000072  56.250
20180721 1317 A     17 00EN6  25642   393 260010  39.27265 -103.66313 19912000072  56.374
20180721 1318 A     18 00EN6  26971   372 268013  39.27276 -103.65820 19912000072  56.564
20180721 1319 A     19 00EN6  28300   352 273017  39.27249 -103.65201 19912000072  56.807
20180721 1320 A     20 00EN6  29629   334 278021  39.27163 -103.64436 19912000072  57.129
20180721 1321 A     21 00EN6  30958   316 282026  39.27011 -103.63525 19912000072  57.528
20180721 1322 A     22 00EN6  32287   298 284030  39.26801 -103.62468 19912000072  57.998
20180721 1323 A     23 00EN6  33616   282 287033  39.26525 -103.61342 19912000072  58.525
20180721 1324 A     24 00EN6  34945   265 290035  39.26184 -103.60139 19912000072  59.102
20180721 1325 A     25 00EN6  36274   249 292038  39.25785 -103.58874 19912000072  59.725
20180721 1326 A     26 00EN6  37603   235 294036  39.25363 -103.57671 19912000072  60.325
20180721 1327 A     27 00EN6  38932   222 296035  39.24925 -103.56538 19912000072  60.910
20180721 1328 A     28 00EN6  40261   208 298034  39.24466 -103.55468 19912000072  61.479
20180721 1329 A     29 00EN6  41590   196 299033  39.24012 -103.54433 19912000072  62.028
20180721 1330 A     30 00EN6  42919   184 296032  39.23612 -103.53397 19912000072  62.561
20180721 1331 A     31 00EN6  44248   173 299026  39.23256 -103.52570 19912000075  62.995
20180721 1332 A     32 00EN6  45577   162 300024  39.22904 -103.51812 19912000075  63.404
20180721 1333 A     33 00EN6  46906   151 303022  39.22558 -103.51131 19912000075  63.785
20180721 1334 A     34 00EN6  48235   141 303019  39.22266 -103.50562 19912000075  64.107
20180721 1335 A     35 00EN6  49564   133 303015  39.22029 -103.50103 19912000075  64.362
20180721 1336 A     36 00EN6  50893   125 302011  39.21850 -103.49749 19912000075  64.555
20180721 1337 A     37 00EN7  51803   120 310014  39.21596 -103.49367 19912000075  64.792
20180721 1338 A     38 00EN7  52713   113 309010  39.21402 -103.49068 19912000075  64.967
20180721 1339 A     39 00EN7  53623   108 309008  39.21261 -103.48846 19912000075  65.104
20180721 1340 A     40 00EN7  54533   102 306004  39.21180 -103.48708 19912000075  65.180
20180721 1341 A     41 00EN7  55443    98 311002  39.21132 -103.48638 19912000075  65.223
20180721 1342 A     42 00EN7  56353    93 360000  39.21105 -103.48638 19912000075  65.238
20180721 1343 A     43 00EN7  57263    89  78001  39.21094 -103.48708 19912000075  65.209
20180721 1344 A     44 00EN7  58173    86  93003  39.21099 -103.48833 19912000075  65.162
20180721 1345 A     45 00EN7  59083    82 100005  39.21126 -103.49027 19912000075  65.079
20180721 1346 A     46 00EN7  59993    78 102007  39.21170 -103.49277 19912000075  64.964
20180721 1347 A     47 00EN7  60903    74 104009  39.21235 -103.49597 19912000075  64.821
20180721 1348 A     48 00EN7  61813    71 105011  39.21315 -103.49979 19912000075  64.644
20180721 1349 A     49 00EN7  62723    67 103012  39.21397 -103.50410 19912000075  64.455
20180721 1350 A     50 00EN6  63633    65 102012  39.21472 -103.50861 19912000075  64.256
20180721 1351 A     51 00EN6  64543    62 100014  39.21543 -103.51355 19912000075  64.041
20180721 1352 A     52 00EN6  65453    59  99015  39.21613 -103.51890 19912000075  63.816
20180721 1353 A     53 00EN6  66363    57  98016  39.21678 -103.52459 19912000075  63.570
20180721 1354 A     54 00EN6  67273    54  97017  39.21743 -103.53070 19912000075  63.316
20180721 1355 A     55 00EN6  68183    52  96018  39.21802 -103.53716 19912000075  63.047
20180721 1356 A     56 00EN6  69093    49  95019  39.21856 -103.54404 19912000075  62.769
20180721 1357 A     57 00EN6  70003    48  95019  39.21905 -103.55113 19912000075  62.483
20180721 1358 A     58 00EN6  70913    46  94020  39.21948 -103.55843 19912000075  62.194
20180721 1359 A     59 00EN6  71823    44  93021  39.21986 -103.56593 19912000075  61.896
20180721 1400 A     60 00EN6  72733    42  93021  39.22018 -103.57365 19912000075  61.590
20180721 1401 A     61 00EN6  73643    41  93022  39.22051 -103.58157 19912000075  61.276
20180721 1402 A     62 00EN6  74553    39  91022  39.22072 -103.58970 19912000075  60.969
20180721 1403 A     63 00EN6  75463    37  91023  39.22088 -103.59811 19912000075  60.643
20180721 1404 A     64 00EN6  76373    36  91023  39.22104 -103.60665 19912000075  60.320
20180721 1405 A     65 00EN6  77283    34  90024  39.22110 -103.61547 19912000075  59.984
20180721 1406 A     66 00EN6  78193    32  90025  39.22115 -103.62450 19912000075  59.648
20180721 1407 A     67 00EN6  79103    30  89025  39.22115 -103.63374 19912000075  59.305
20180721 1408 A     68 00EN6  80013    29  89026  39.22110 -103.64319 19912000075  58.954
20180721 1409 A     69 00EN6  80923    28  89027  39.22099 -103.65292 19912000075  58.601
20180721 1410 A     70 00EN6  81833    27  89027  39.22088 -103.66286 19912000075  58.241
20180721 1411 A     71 00EN6  82743    26  89028  39.22077 -103.67300 19912000075  57.875
20180721 1412 A     72 00EN6  83653    25  88029  39.22061 -103.68342 19912000075  57.498
20180721 1413 A     73 00EN6  84563    24  88029  39.22045 -103.69405 19912000075  57.123
20180721 1414 A     74 00EN6  85473    23  88030  39.22023 -103.70496 19912000075  56.730
20180721 1415 A     75 00EN6  86383    22  88031  39.22002 -103.71607 19912000075  56.339
20180721 1416 A     76 00EN6  87293    21  88031  39.21980 -103.72747 19912000075  55.941
20180721 1417 A     77 00EN6  88203    20  88032  39.21954 -103.73907 19912000075  55.536
20180721 1418 A     78 00EN6  89113    19  88033  39.21932 -103.75089 19912000075  55.128
20180721 1419 A     79 00EN6  90023    18  89033  39.21916 -103.76283 19912000075  54.709
20180721 1420 A     80 00EN6  90933    18  89033  39.21905 -103.77493 19912000075  54.292
20180721 1421 A     81 00EN6  91843    17  89034  39.21899 -103.78722 19912000075  53.871
20180721 1422 A     82 00EN6  92753    17  89034  39.21899 -103.79966 19912000075  53.440
20180721 1423 A     83 00EN6  93663    16  90035  39.21905 -103.81223 19912000075  53.000
20180721 1424 A     84 00EN6  94573    15  90035  39.21916 -103.82502 19912000075  52.557
20180721 1425 A     85 00EN6  95483    15  90036  39.21932 -103.83794 19912000075  52.116
20180721 1426 A     86 00EN6  96393    14  91036  39.21954 -103.85107 19912000075  51.663
20180721 1427 A     87 00EN6  97303    14  91037  39.21980 -103.86434 19912000075  51.209
20180721 1428 A     88 00EN6  98213    13  91037  39.22007 -103.87775 19912000075  50.755
20180721 1429 A     89 00EN6  99123    12  92038  39.22046 -103.89137 19912000075  50.291
20180721 1430 A     90 00EN6 100033    12  92038  39.22083 -103.90513 19912000075  49.826
20180721 1431 A     91 00EN6 100943    11  92039  39.22127 -103.91910 19912000075  49.350
20180721 1432 A     92 00EN6 101853    11  92039  39.22175 -103.93320 19912000075  48.877
20180721 1433 A     93 00EN6 102763    10  92040  39.22229 -103.94752 19912000075  48.403
20180721 1434 A     94 00EN6 103673    10  93040  39.22289 -103.96183 19912000075  47.926
20180721 1435 D     95 00EN6 104500     9  93040  39.22348 -103.97615 19912000075  47.453
20180721 1436 D     96 00EN6  94819    15  90035  39.22359 -103.98901 19912000075  47.060
20180721 1437 D     97 00EN6  87334    21  88031  39.22337 -104.00040 19912000075  46.716
20180721 1438 D     98 00EN6  80937    28  89027  39.22326 -104.01012 19912000075  46.430
20180721 1439 D     99 00EN6  75479    37  91023  39.22342 -104.01853 19912000075  46.175
20180721 1440 D    100 00EN6  70756    46  94020  39.22391 -104.02576 19912000075  45.938
20180721 1441 D    101 00EN6  66531    57  98016  39.22456 -104.03152 19912000075  45.740
20180721 1442 D    102 00EN6  62737    67 104012  39.22537 -104.03569 19912000075  45.576
20180721 1443 D    103 00EN6  59281    81 105006  39.22585 -104.03798 19912000075  45.486
20180721 1444 D    104 00EN6  56150    94 105001  39.22596 -104.03847 19912000075  45.464
20180721 1445 D    105 00EN6  53267   110 303005  39.22515 -104.03687 19912000075  45.553
20180721 1446 D    106 00EN6  50606   127 303012  39.22321 -104.03312 19912000075  45.748
20180721 1447 D    107 00EN6  48119   142 303019  39.22023 -104.02735 19912000075  46.055
20180721 1448 D    108 00EN6  45765   161 301024  39.21672 -104.01992 19912000075  46.445
20180721 1449 D    109 00EN6  43532   179 298027  39.21315 -104.01131 19912000075  46.857
20180721 1450 D    110 00EN6  41392   197 295030  39.20948 -104.00152 19912000075  47.320
20180721 1451 D    111 00EN6  39331   219 295030  39.20581 -103.99165 19912000075  47.787
20180721 1452 D    112 00EN6  37349   239 295030  39.20219 -103.98193 19912000075  48.241
20180721 1453 D    113 00EN6  35431   261 294029  39.19878 -103.97227 19912000075  48.692
20180721 1454 D    114 00EN6  33575   283 292028  39.19576 -103.96268 19912000075  49.123
20180721 1455 D    115 00EN6  31774   305 289027  39.19316 -103.95352 19912000075  49.521
20180721 1456 D    116 00EN6  30025   328 287023  39.19116 -103.94560 19912000075  49.852
20180721 1457 D    117 00EN6  28325   353 284018  39.18981 -103.93907 19912000075  50.115
20180721 1458 D    118 00EN6  26674   378 275015  39.18937 -103.93359 19912000075  50.300
20180721 1459 D    119 00EN6  25067   403 263012  39.18975 -103.92908 19912000075  50.423
20180721 1500 D    120 00EN6  23503   429 250010  39.19072 -103.92546 19912000075  50.491
20180721 1501 D    121 00EN6  21976   457 234009  39.19229 -103.92268 19912000075  50.506
20180721 1502 D    122 00EN6  20488   485 223009  39.19424 -103.92032 19912000075  50.501
20180721 1503 D    123 00EN6  19035   510 216010  39.19651 -103.91817 19912000075  50.463
20180721 1504 D    124 00EN6  17610   539 216010  39.19889 -103.91595 19912000075  50.432
20180721 1505 D    125 00EN6  16216   571 216010  39.20126 -103.91365 19912000075  50.403
20180721 1506 D    126 00EN6  14851   599 219010  39.20354 -103.91122 19912000075  50.375
20180721 1507 D    127 00EN6  13510   629 223010  39.20575 -103.90851 19912000075  50.364
20180721 1508 D    128 00EN6  12193   660 227011  39.20797 -103.90538 19912000075  50.367
20180721 1509 D    129 00EN6  10900   692 227013  39.21045 -103.90183 19912000075  50.375
20180721 1510 D    130 00EN6   9629   725 220016  39.21386 -103.89809 19912000075  50.354
20180721 1511 D    131 00EN6   8381   755 213017  39.21802 -103.89454 19912000075  50.286
20180721 1512 D    132 00EN6   7154   791 199015  39.22208 -103.89266 19912000075  50.180
20180721 1513 D    133 00EN6   5951   824 194013  39.22575 -103.89148 19912000075  50.058
20180721 1514 D    134 00EN6   4766   857 192012  39.22905 -103.89058 19912000075  49.954
20180721 1515 D    135 00EN6   3589   898 192012  39.23234 -103.88968 19912000075  49.840
20180721 1516 D    136 00EN6   2412   935 192012  39.23564 -103.88878 19912000075  49.736
20180721 1517 D    137 00EN6   1235   974 192012  39.23893 -103.88788 19912000075  49.623
20180721 1518 D    138 00EN6     58 99999 268090  39.23947 -103.85548 19912000075  50.694
Approximate balloon landing site information...
  date   time elap     htMSL     lat     lon
               min        ft     deg     deg
--------------------------------------------
20180721 1518  138     58.96   39.24 -103.86   approximately     7.4 nmi   W (271) of the launch site
