    date/time P   elap grid   htMSL  pres dirspd     lat      lon       file      dist
                   min   id      ft    mb deg kt     deg      deg                  nmi
_______________________________________________________________________________________
20180811 1400 A      0 00EN7   5596                                   22212000027
20180811 1401 A      1 00EN7   4597   866 212008  39.28014 -103.49384 22212000027  62.716
20180811 1402 A      2 00EN7   5926   827 218009  39.28230 -103.49161 22212000027  62.738
20180811 1403 A      3 00EN7   7255   789 218010  39.28452 -103.48931 22212000027  62.764
20180811 1404 A      4 00EN7   8584   753 184007  39.28674 -103.48910 22212000027  62.700
20180811 1405 A      5 00EN7   9913   718 155009  39.28912 -103.49049 22212000027  62.577
20180811 1406 A      6 00EN7  11242   684 136012  39.29160 -103.49348 22212000027  62.378
20180811 1407 A      7 00EN7  12571   651 123015  39.29398 -103.49808 22212000027  62.126
20180811 1408 A      8 00EN7  13900   620 109014  39.29528 -103.50288 22212000027  61.895
20180811 1409 A      9 00EN6  15229   590  72009  39.29446 -103.50615 22212000027  61.786
20180811 1410 A     10 00EN6  16558   561  58012  39.29268 -103.50983 22212000027  61.693
20180811 1411 A     11 00EN6  17887   530  52014  39.29020 -103.51408 22212000027  61.598
20180811 1412 A     12 00EN6  19216   504  52016  39.28733 -103.51888 22212000027  61.500
20180811 1413 A     13 00EN6  20545   479  56018  39.28441 -103.52451 22212000027  61.362
20180811 1414 A     14 00EN6  21874   454  60021  39.28149 -103.53105 22212000027  61.197
20180811 1415 A     15 00EN6  23203   431  61022  39.27852 -103.53822 22212000027  61.012
20180811 1416 A     16 00EN6  24532   409  62024  39.27539 -103.54594 22212000027  60.805
20180811 1417 A     17 00EN6  25861   387  61025  39.27203 -103.55400 22212000027  60.601
20180811 1418 A     18 00EN6  27190   367  60026  39.26841 -103.56235 22212000027  60.389
20180811 1419 A     19 00EN6  28519   347  59027  39.26453 -103.57090 22212000027  60.186
20180811 1420 A     20 00EN6  29848   328  59028  39.26042 -103.57973 22212000027  59.985
20180811 1421 A     21 00EN6  31177   307  58029  39.25615 -103.58884 22212000027  59.772
20180811 1422 A     22 00EN6  32506   290  58031  39.25166 -103.59836 22212000027  59.562
20180811 1423 A     23 00EN6  33835   274  59032  39.24702 -103.60851 22212000027  59.336
20180811 1424 A     24 00EN6  35164   258  60034  39.24221 -103.61928 22212000027  59.100
20180811 1425 A     25 00EN6  36493   243  60036  39.23724 -103.63074 22212000027  58.839
20180811 1426 A     26 00EN6  37822   229  61038  39.23210 -103.64297 22212000027  58.564
20180811 1427 A     27 00EN6  39151   215  62041  39.22681 -103.65598 22212000027  58.278
20180811 1428 A     28 00EN6  40480   202  62043  39.22129 -103.66980 22212000027  57.969
20180811 1429 A     29 00EN6  41809   190  62042  39.21584 -103.68327 22212000027  57.681
20180811 1430 A     30 00EN6  43138   179  61041  39.21043 -103.69620 22212000027  57.422
20180811 1431 A     31 00EN6  44467   167  60039  39.20508 -103.70850 22212000027  57.184
20180811 1432 A     32 00EN6  45796   156  60037  39.19984 -103.72024 22212000027  56.966
20180811 1433 A     33 00EN6  47125   146  59035  39.19481 -103.73128 22212000027  56.776
20180811 1434 A     34 00EN6  48454   138  59032  39.19022 -103.74142 22212000027  56.608
20180811 1435 A     35 00EN6  49783   130  60029  39.18611 -103.75059 22212000027  56.451
20180811 1436 A     36 00EN6  51112   122  60026  39.18243 -103.75885 22212000027  56.315
20180811 1437 A     37 00EN6  52022   116  60024  39.17908 -103.76642 22212000027  56.197
20180811 1438 A     38 00EN6  52932   111  60022  39.17600 -103.77337 22212000027  56.085
20180811 1439 A     39 00EN6  53842   105  60020  39.17330 -103.77962 22212000027  55.983
20180811 1440 A     40 00EN6  54752   100  61018  39.17087 -103.78532 22212000027  55.892
20180811 1441 A     41 00EN6  55662    96  60016  39.16855 -103.79060 22212000027  55.811
20180811 1442 A     42 00EN6  56572    92  59016  39.16628 -103.79559 22212000027  55.742
20180811 1443 A     43 00EN6  57482    88  58015  39.16412 -103.80018 22212000027  55.675
20180811 1444 A     44 00EN6  58392    85  57014  39.16201 -103.80448 22212000027  55.626
20180811 1445 A     45 00EN6  59302    81  56013  39.16001 -103.80836 22212000027  55.580
20180811 1446 A     46 00EN6  60212    77  54012  39.15806 -103.81190 22212000027  55.547
20180811 1447 A     47 00EN6  61122    73  53011  39.15617 -103.81517 22212000027  55.524
20180811 1448 A     48 00EN6  62032    69  52010  39.15438 -103.81815 22212000027  55.505
20180811 1449 A     49 00EN6  62942    67  56011  39.15266 -103.82149 22212000027  55.468
20180811 1450 A     50 00EN6  63852    64  60012  39.15098 -103.82530 22212000027  55.418
20180811 1451 A     51 00EN6  64762    62  63013  39.14936 -103.82954 22212000027  55.349
20180811 1452 A     52 00EN6  65672    59  66014  39.14779 -103.83426 22212000027  55.266
20180811 1453 A     53 00EN6  66582    56  69015  39.14628 -103.83939 22212000027  55.171
20180811 1454 A     54 00EN6  67492    53  71016  39.14482 -103.84502 22212000027  55.054
20180811 1455 A     55 00EN6  68402    51  73017  39.14342 -103.85098 22212000027  54.921
20180811 1456 A     56 00EN6  69312    49  75018  39.14212 -103.85730 22212000027  54.781
20180811 1457 A     57 00EN6  70222    47  77018  39.14104 -103.86375 22212000027  54.628
20180811 1458 A     58 00EN6  71132    45  79018  39.14012 -103.87028 22212000027  54.468
20180811 1459 A     59 00EN6  72042    43  81018  39.13936 -103.87694 22212000027  54.294
20180811 1500 A     60 00EN6  72952    42  83019  39.13876 -103.88374 22212000027  54.111
20180811 1501 A     61 00EN6  73862    40  85019  39.13839 -103.89069 22212000027  53.914
20180811 1502 A     62 00EN6  74772    38  87019  39.13817 -103.89776 22212000027  53.709
20180811 1503 A     63 00EN6  75682    37  89020  39.13817 -103.90498 22212000027  53.490
20180811 1504 A     64 00EN6  76592    35  91020  39.13833 -103.91226 22212000027  53.258
20180811 1505 A     65 00EN6  77502    33  93020  39.13866 -103.91969 22212000027  53.025
20180811 1506 A     66 00EN6  78412    32  94021  39.13914 -103.92726 22212000027  52.778
20180811 1507 A     67 00EN6  79322    30  96021  39.13984 -103.93496 22212000027  52.515
20180811 1508 A     68 00EN6  80232    29  97021  39.14060 -103.94273 22212000027  52.252
20180811 1509 A     69 00EN6  81142    28  97022  39.14136 -103.95058 22212000027  51.979
20180811 1510 A     70 00EN6  82052    27  97022  39.14217 -103.95856 22212000027  51.715
20180811 1511 A     71 00EN6  82962    26  97022  39.14303 -103.96661 22212000027  51.434
20180811 1512 A     72 00EN6  83872    24  97022  39.14390 -103.97473 22212000027  51.161
20180811 1513 A     73 00EN6  84782    24  98023  39.14482 -103.98293 22212000027  50.889
20180811 1514 A     74 00EN6  85692    22  98023  39.14579 -103.99125 22212000027  50.597
20180811 1515 A     75 00EN6  86602    21  98023  39.14676 -103.99965 22212000027  50.313
20180811 1516 A     76 00EN6  87512    20  98024  39.14779 -104.00812 22212000027  50.030
20180811 1517 A     77 00EN6  88422    19  98024  39.14882 -104.01672 22212000027  49.745
20180811 1518 A     78 00EN6  89332    19  98024  39.14990 -104.02554 22212000027  49.448
20180811 1519 A     79 00EN6  90242    18  98025  39.15098 -104.03457 22212000027  49.146
20180811 1520 A     80 00EN6  91152    18  99025  39.15212 -104.04372 22212000027  48.837
20180811 1521 A     81 00EN6  92062    17  98026  39.15325 -104.05310 22212000027  48.533
20180811 1522 A     82 00EN6  92972    16  99027  39.15444 -104.06268 22212000027  48.217
20180811 1523 A     83 00EN6  93882    16  98027  39.15563 -104.07246 22212000027  47.898
20180811 1524 D     84 00EN6  94700    15  98028  39.15682 -104.08238 22212000027  47.578
20180811 1525 D     85 00EN6  90056    18  98025  39.15790 -104.09134 22212000027  47.300
20180811 1526 D     86 00EN6  85836    22  98023  39.15887 -104.09967 22212000027  47.037
20180811 1527 D     87 00EN6  82006    27  97022  39.15968 -104.10759 22212000027  46.793
20180811 1528 D     88 00EN6  78529    31  95021  39.16022 -104.11516 22212000027  46.570
20180811 1529 D     89 00EN6  75332    37  88020  39.16011 -104.12231 22212000027  46.398
20180811 1530 D     90 00EN6  72404    43  82018  39.15946 -104.12904 22212000027  46.271
20180811 1531 D     91 00EN6  69678    48  75018  39.15822 -104.13543 22212000027  46.176
20180811 1532 D     92 00EN6  67115    54  70016  39.15671 -104.14085 22212000027  46.117
20180811 1533 D     93 00EN6  64713    62  63013  39.15509 -104.14508 22212000027  46.105
20180811 1534 D     94 00EN6  62464    68  53010  39.15330 -104.14820 22212000027  46.114
20180811 1535 D     95 00EN6  60334    77  54012  39.15136 -104.15174 22212000027  46.130
20180811 1536 D     96 00EN6  58328    85  57014  39.14925 -104.15604 22212000027  46.143
20180811 1537 D     97 00EN6  56422    93  60016  39.14698 -104.16111 22212000027  46.146
20180811 1538 D     98 00EN6  54605   101  61018  39.14449 -104.16695 22212000027  46.135
20180811 1539 D     99 00EN6  52863   111  60022  39.14141 -104.17388 22212000027  46.142
20180811 1540 D    100 00EN6  51196   121  60026  39.13779 -104.18201 22212000027  46.148
20180811 1541 D    101 00EN6  49596   131  59030  39.13358 -104.19131 22212000027  46.165
20180811 1542 D    102 00EN6  48053   141  59033  39.12882 -104.20178 22212000027  46.196
20180811 1543 D    103 00EN6  46562   151  59037  39.12358 -104.21323 22212000027  46.228
20180811 1544 D    104 00EN6  45114   161  60038  39.11828 -104.22523 22212000027  46.275
20180811 1545 D    105 00EN6  43711   174  61040  39.11293 -104.23786 22212000027  46.306
20180811 1546 D    106 00EN6  42354   185  62041  39.10752 -104.25105 22212000027  46.354
20180811 1547 D    107 00EN6  41034   196  62043  39.10201 -104.26478 22212000027  46.397
20180811 1548 D    108 00EN6  39747   209  62042  39.09660 -104.27817 22212000027  46.460
20180811 1549 D    109 00EN6  38495   222  61040  39.09136 -104.29079 22212000027  46.529
20180811 1550 D    110 00EN6  37277   234  61038  39.08628 -104.30271 22212000027  46.614
20180811 1551 D    111 00EN6  36086   248  60035  39.08136 -104.31388 22212000027  46.712
20180811 1552 D    112 00EN6  34924   262  60034  39.07661 -104.32449 22212000027  46.811
20180811 1553 D    113 00EN6  33786   276  59032  39.07201 -104.33454 22212000027  46.918
20180811 1554 D    114 00EN6  32671   288  58031  39.06752 -104.34411 22212000027  47.031
20180811 1555 D    115 00EN6  31574   303  58029  39.06320 -104.35320 22212000027  47.149
20180811 1556 D    116 00EN6  30498   319  58029  39.05904 -104.36207 22212000027  47.270
20180811 1557 D    117 00EN6  29443   333  59028  39.05499 -104.37080 22212000027  47.389
20180811 1558 D    118 00EN6  28405   347  59027  39.05109 -104.37933 22212000027  47.498
20180811 1559 D    119 00EN6  27382   364  60026  39.04742 -104.38765 22212000027  47.610
20180811 1600 D    120 00EN6  26379   380  61026  39.04396 -104.39582 22212000027  47.714
20180811 1601 D    121 00EN6  25391   395  62025  39.04072 -104.40379 22212000027  47.801
20180811 1602 D    122 00EN6  24418   411  62024  39.03764 -104.41142 22212000027  47.897
20180811 1603 D    123 00EN6  23459   426  61023  39.03461 -104.41869 22212000027  47.991
20180811 1604 D    124 00EN6  22514   443  61021  39.03169 -104.42554 22212000027  48.087
20180811 1605 D    125 00EN6  21582   460  59020  39.02877 -104.43185 22212000027  48.191
20180811 1606 D    126 00EN6  20664   479  56018  39.02585 -104.43747 22212000027  48.313
20180811 1607 D    127 00EN6  19760   494  53017  39.02293 -104.44253 22212000027  48.433
20180811 1608 D    128 00EN6  18867   510  52016  39.02018 -104.44717 22212000027  48.551
20180811 1609 D    129 00EN6  17985   530  52014  39.01769 -104.45140 22212000027  48.661
20180811 1610 D    130 00EN6  17117   547  52013  39.01542 -104.45521 22212000027  48.753
20180811 1611 D    131 00EN6  16259   565  59011  39.01374 -104.45881 22212000027  48.824
20180811 1612 D    132 00EN6  15411   586  70009  39.01282 -104.46214 22212000027  48.849
20180811 1613 D    133 00EN6  14578   605  84008  39.01261 -104.46505 22212000027  48.837
20180811 1614 D    134 00EN6  13754   624 114006  39.01337 -104.46719 22212000027  48.769
20180811 1615 D    135 00EN6  12942   643 149007  39.01509 -104.46851 22212000027  48.657
20180811 1616 D    136 00EN6  12141   659 167008  39.01731 -104.46913 22212000027  48.524
20180811 1617 D    137 00EN6  11347   680 184009  39.01985 -104.46885 22212000027  48.377
20180811 1618 D    138 00EN6  10563   700 197010  39.02272 -104.46767 22212000027  48.216
20180811 1619 D    139 00EN6   9788   722 199011  39.02569 -104.46629 22212000027  48.052
20180811 1620 D    140 00EN6   9021   744 202011  39.02871 -104.46470 22212000027  47.890
20180811 1621 D    141 00EN6   8262   762 201011  39.03174 -104.46317 22212000027  47.719
20180811 1622 D    142 00EN6   7510   784 198011  39.03471 -104.46192 22212000027  47.562
20180811 1623 D    143 00EN6   6766   803 195010  39.03763 -104.46088 22212000027  47.401
20180811 1624 D    144 00EN6   6029   827 193009  39.04033 -104.46005 22212000027  47.244
20180811 1625 D    145 00EN6   5299   846 192009  39.04282 -104.45937 22212000027  47.108
20180811 1626 D    146 00EN6   4571   871 192009  39.04530 -104.45867 22212000027  46.962
20180811 1627 D    147 00EN6   3843   891 192009  39.04779 -104.45798 22212000027  46.826
20180811 1628 D    148 00EN6   3115   918 192009  39.05028 -104.45729 22212000027  46.690
20180811 1629 D    149 00EN6   2387   939 192009  39.05276 -104.45660 22212000027  46.544
Approximate balloon landing site information...
  date   time elap     htMSL     lat     lon
               min        ft     deg     deg
--------------------------------------------
20180811 1629  149   2387.67   39.05 -104.46   approximately    46.7 nmi WSW (256) of the launch site
