    date/time P   elap grid   htMSL  pres dirspd     lat      lon       file      dist
                   min   id      ft    mb deg kt     deg      deg                  nmi
_______________________________________________________________________________________
20181013 1400 A      0 00ED6   5205                                   28512000027
20181013 1401 A      1 00ED6   4206   870 310005  39.60958 -104.04009 28512000027  31.116
20181013 1402 A      2 00ED6   5535   829 326003  39.60877 -104.03940 28512000027  31.171
20181013 1403 A      3 00ED6   6864   790  39001  39.60844 -104.03974 28512000027  31.161
20181013 1404 A      4 00ED6   8193   752 148004  39.60942 -104.04052 28512000027  31.113
20181013 1405 A      5 00ED6   9522   712 232003  39.60996 -104.03960 28512000027  31.135
20181013 1406 A      6 00ED6  10851   678 278005  39.60975 -104.03772 28512000027  31.213
20181013 1407 A      7 00ED6  12180   645 296007  39.60877 -104.03521 28512000027  31.349
20181013 1408 A      8 00ED6  13509   613 294010  39.60764 -104.03192 28512000027  31.518
20181013 1409 A      9 00ED6  14838   583 285013  39.60666 -104.02724 28512000027  31.732
20181013 1410 A     10 00ED6  16167   553 275017  39.60618 -104.02082 28512000027  32.025
20181013 1411 A     11 00ED6  17496   526 266022  39.60656 -104.01271 28512000027  32.355
20181013 1412 A     12 00ED6  18825   498 260027  39.60786 -104.00300 28512000027  32.737
20181013 1413 A     13 00ED6  20154   473 260027  39.60915 -103.99308 28512000027  33.143
20181013 1414 A     14 00ED6  21483   448 260028  39.61045 -103.98295 28512000027  33.546
20181013 1415 A     15 00ED6  22812   422 262028  39.61148 -103.97289 28512000027  33.956
20181013 1416 A     16 00ED6  24141   399 264028  39.61224 -103.96283 28512000027  34.374
20181013 1417 A     17 00ED6  25470   377 265029  39.61294 -103.95242 28512000027  34.806
20181013 1418 A     18 00ED6  26799   356 265030  39.61364 -103.94167 28512000027  35.267
20181013 1419 A     19 00ED6  28128   337 264032  39.61456 -103.93020 28512000027  35.737
20181013 1420 A     20 00ED6  29457   318 261034  39.61591 -103.91798 28512000027  36.244
20181013 1421 A     21 00ED6  30786   299 259036  39.61770 -103.90491 28512000027  36.781
20181013 1422 A     22 00ED6  32115   283 257039  39.62008 -103.89108 28512000027  37.344
20181013 1423 A     23 00ED6  33444   266 255042  39.62305 -103.87647 28512000027  37.932
20181013 1424 A     24 00ED6  34773   250 253044  39.62661 -103.86116 28512000027  38.545
20181013 1425 A     25 00ED6  36102   235 253046  39.63029 -103.84502 28512000027  39.192
20181013 1426 A     26 00ED6  37431   221 253048  39.63407 -103.82818 28512000027  39.880
20181013 1427 A     27 00ED6  38760   207 254050  39.63791 -103.81064 28512000027  40.595
20181013 1428 A     28 00ED6  40089   195 254052  39.64169 -103.79254 28512000027  41.347
20181013 1429 A     29 00ED6  41418   184 256052  39.64521 -103.77423 28512000027  42.118
20181013 1430 A     30 00ED6  42747   173 257052  39.64845 -103.75571 28512000027  42.900
20181013 1431 A     31 00ED6  44076   162 258053  39.65142 -103.73697 28512000027  43.699
20181013 1432 A     32 00ED6  45405   152 259053  39.65406 -103.71796 28512000027  44.517
20181013 1433 A     33 00ED6  46734   143 261051  39.65628 -103.69957 28512000027  45.324
20181013 1434 A     34 00ED6  48063   135 262049  39.65796 -103.68202 28512000027  46.096
20181013 1435 A     35 00ED6  49392   126 264046  39.65909 -103.66545 28512000027  46.827
20181013 1436 A     36 00ED6  50721   118 267043  39.65969 -103.64972 28512000027  47.531
20181013 1437 A     37 00ED6  51631   113 268042  39.65995 -103.63448 28512000027  48.216
20181013 1438 A     38 00ED6  52541   107 270040  39.65985 -103.61987 28512000027  48.883
20181013 1439 A     39 00ED6  53451   102 272039  39.65941 -103.60574 28512000027  49.530
20181013 1440 A     40 00ED6  54361    97 272037  39.65887 -103.59238 28512000027  50.136
20181013 1441 A     41 00ED6  55271    94 272035  39.65839 -103.57980 28512000027  50.718
20181013 1442 A     42 00ED6  56181    90 272032  39.65796 -103.56805 28512000027  51.249
20181013 1443 A     43 00ED6  57091    85 272030  39.65757 -103.55721 28512000027  51.750
20181013 1444 A     44 00ED6  58001    82 272028  39.65725 -103.54707 28512000027  52.213
20181013 1445 A     45 00ED6  58911    78 272025  39.65698 -103.53785 28512000027  52.636
20181013 1446 A     46 00ED6  59821    74 271023  39.65676 -103.52932 28512000027  53.021
20181013 1447 A     47 00ED6  60731    70 271021  39.65666 -103.52170 28512000027  53.372
20181013 1448 A     48 00ED6  61641    68 271020  39.65655 -103.51442 28512000027  53.706
20181013 1449 A     49 00ED6  62551    65 270019  39.65649 -103.50735 28512000027  54.025
20181013 1450 A     50 00ED6  63461    62 270019  39.65649 -103.50051 28512000027  54.336
20181013 1451 A     51 00ED6  64371    60 269018  39.65655 -103.49387 28512000027  54.640
20181013 1452 A     52 00ED7  65281    57 268018  39.65671 -103.48715 28512000027  54.937
20181013 1453 A     53 00ED7  66191    54 267018  39.65692 -103.48065 28512000027  55.234
20181013 1454 A     54 00ED7  67101    51 266017  39.65719 -103.47430 28512000027  55.519
20181013 1455 A     55 00ED7  68011    49 265017  39.65757 -103.46807 28512000027  55.802
20181013 1456 A     56 00ED7  68921    47 264017  39.65806 -103.46172 28512000027  56.081
20181013 1457 A     57 00ED7  69831    46 263018  39.65860 -103.45521 28512000027  56.376
20181013 1458 A     58 00ED7  70741    44 262018  39.65924 -103.44857 28512000027  56.666
20181013 1459 A     59 00ED7  71651    42 261019  39.66000 -103.44179 28512000027  56.966
20181013 1500 A     60 00ED7  72561    40 260019  39.66087 -103.43487 28512000027  57.279
20181013 1501 A     61 00ED7  73471    39 259019  39.66184 -103.42781 28512000027  57.586
20181013 1502 A     62 00ED7  74381    37 259020  39.66292 -103.42061 28512000027  57.906
20181013 1503 A     63 00ED7  75291    35 258020  39.66411 -103.41327 28512000027  58.228
20181013 1504 A     64 00ED7  76201    33 257021  39.66541 -103.40578 28512000027  58.561
20181013 1505 A     65 00ED7  77111    32 256021  39.66681 -103.39816 28512000027  58.890
20181013 1506 A     66 00ED7  78021    30 255022  39.66832 -103.39040 28512000027  59.231
20181013 1507 A     67 00ED7  78931    29 255023  39.66989 -103.38229 28512000027  59.589
20181013 1508 A     68 00ED7  79841    28 256024  39.67151 -103.37383 28512000027  59.958
20181013 1509 A     69 00ED7  80751    27 256025  39.67319 -103.36495 28512000027  60.348
20181013 1510 A     70 00ED7  81661    26 256026  39.67492 -103.35572 28512000027  60.758
20181013 1511 A     71 00ED7  82571    24 256027  39.67670 -103.34600 28512000027  61.186
20181013 1512 A     72 00ED7  83481    23 256028  39.67854 -103.33594 28512000027  61.631
20181013 1513 A     73 00ED7  84391    22 256029  39.68043 -103.32544 28512000027  62.098
20181013 1514 A     74 00ED7  85301    21 257030  39.68232 -103.31461 28512000027  62.574
20181013 1515 A     75 00ED7  86211    20 257032  39.68427 -103.30328 28512000027  63.082
20181013 1516 A     76 00ED7  87121    19 257033  39.68621 -103.29160 28512000027  63.600
20181013 1517 A     77 00ED7  88031    19 258033  39.68811 -103.27963 28512000027  64.135
20181013 1518 A     78 00ED7  88941    18 259034  39.68995 -103.26740 28512000027  64.683
20181013 1519 A     79 00ED7  89851    17 259035  39.69173 -103.25494 28512000027  65.238
20181013 1520 A     80 00ED7  90761    17 260036  39.69340 -103.24214 28512000027  65.812
20181013 1521 A     81 00ED7  91671    16 260036  39.69503 -103.22913 28512000027  66.400
20181013 1522 A     82 00ED7  92581    16 261037  39.69659 -103.21584 28512000027  66.994
20181013 1523 A     83 00ED7  93491    15 261038  39.69810 -103.20227 28512000027  67.612
20181013 1524 A     84 00ED7  94401    14 262038  39.69951 -103.18842 28512000027  68.233
20181013 1525 A     85 00ED7  95311    14 262039  39.70086 -103.17429 28512000027  68.878
20181013 1526 D     86 00ED7  96200    13 263040  39.70216 -103.15987 28512000027  69.527
20181013 1527 D     87 00ED7  90286    17 259035  39.70389 -103.14728 28512000027  70.096
20181013 1528 D     88 00ED7  85120    22 257030  39.70578 -103.13651 28512000027  70.581
20181013 1529 D     89 00ED7  80522    27 256025  39.70745 -103.12776 28512000027  70.971
20181013 1530 D     90 00ED7  76418    33 257021  39.70876 -103.12028 28512000027  71.310
20181013 1531 D     91 00ED7  72725    40 260019  39.70967 -103.11335 28512000027  71.622
20181013 1532 D     92 00ED7  69374    47 264017  39.71016 -103.10692 28512000027  71.916
20181013 1533 D     93 00ED7  66278    54 267018  39.71037 -103.10041 28512000027  72.211
20181013 1534 D     94 00ED7  63399    62 269019  39.71043 -103.09334 28512000027  72.537
20181013 1535 D     95 00ED7  60731    70 271021  39.71027 -103.08564 28512000027  72.891
20181013 1536 D     96 00ED7  58219    81 272028  39.70994 -103.07557 28512000027  73.355
20181013 1537 D     97 00ED7  55885    91 272033  39.70946 -103.06346 28512000027  73.912
20181013 1538 D     98 00ED7  53677   100 273038  39.70886 -103.04947 28512000027  74.560
20181013 1539 D     99 00ED7  51573   113 267042  39.70930 -103.03400 28512000027  75.266
20181013 1540 D    100 00ED7  49586   125 263047  39.71070 -103.01714 28512000027  76.035
20181013 1541 D    101 00ED7  47691   137 260051  39.71308 -102.99888 28512000027  76.864
20181013 1542 D    102 00ED7  45874   148 257055  39.71632 -102.97929 28512000027  77.748
20181013 1543 D    103 00ED7  44121   162 256056  39.71999 -102.95949 28512000027  78.638
20181013 1544 D    104 00ED7  42438   176 255056  39.72394 -102.93969 28512000027  79.533
20181013 1545 D    105 00ED7  40814   190 254057  39.72821 -102.91988 28512000027  80.422
20181013 1546 D    106 00ED7  39240   202 253056  39.73269 -102.90022 28512000027  81.312
20181013 1547 D    107 00ED7  37711   219 253054  39.73707 -102.88139 28512000027  82.160
20181013 1548 D    108 00ED7  36238   235 252052  39.74139 -102.86333 28512000027  82.972
20181013 1549 D    109 00ED7  34809   248 252050  39.74561 -102.84596 28512000027  83.756
20181013 1550 D    110 00ED7  33416   267 253047  39.74928 -102.82938 28512000027  84.509
20181013 1551 D    111 00ED7  32066   283 255045  39.75247 -102.81355 28512000027  85.228
20181013 1552 D    112 00ED7  30750   299 256043  39.75517 -102.79843 28512000027  85.916
20181013 1553 D    113 00ED7  29466   318 258039  39.75739 -102.78450 28512000027  86.551
20181013 1554 D    114 00ED7  28213   337 259035  39.75917 -102.77183 28512000027  87.131
20181013 1555 D    115 00ED7  26989   354 261032  39.76057 -102.76014 28512000027  87.666
20181013 1556 D    116 00ED7  25788   372 261030  39.76182 -102.74928 28512000027  88.161
20181013 1557 D    117 00ED7  24610   391 262028  39.76284 -102.73927 28512000027  88.621
20181013 1558 D    118 00ED7  23454   413 262027  39.76387 -102.72961 28512000027  89.061
20181013 1559 D    119 00ED7  22322   430 261027  39.76501 -102.71994 28512000027  89.504
20181013 1600 D    120 00ED7  21207   451 260027  39.76630 -102.71027 28512000027  89.947
20181013 1601 D    121 00ED7  20112   473 258028  39.76793 -102.70026 28512000027  90.404
20181013 1602 D    122 00ED7  19036   492 256029  39.76982 -102.68990 28512000027  90.876
20181013 1603 D    123 00ED7  17977   515 257028  39.77160 -102.67989 28512000027  91.335
20181013 1604 D    124 00ED7  16938   536 258026  39.77306 -102.67057 28512000027  91.761
20181013 1605 D    125 00ED7  15915   557 260023  39.77414 -102.66209 28512000027  92.149
20181013 1606 D    126 00ED7  14908   583 266019  39.77452 -102.65495 28512000027  92.474
20181013 1607 D    127 00ED7  13921   605 273017  39.77425 -102.64879 28512000027  92.760
20181013 1608 D    128 00ED7  12949   629 284016  39.77311 -102.64311 28512000027  93.023
20181013 1609 D    129 00ED7  11991   649 295016  39.77122 -102.63786 28512000027  93.270
20181013 1610 D    130 00ED7  11045   674 305015  39.76879 -102.63345 28512000027  93.478
20181013 1611 D    131 00ED7  10112   699 317014  39.76587 -102.62994 28512000027  93.649
20181013 1612 D    132 00ED7   9191   721 336011  39.76296 -102.62827 28512000027  93.731
20181013 1613 D    133 00ED7   8282   748   8010  39.76009 -102.62882 28512000027  93.713
20181013 1614 D    134 00ED7   7386   771  24012  39.75707 -102.63065 28512000027  93.637
20181013 1615 D    135 00ED7   6502   799  37014  39.75377 -102.63387 28512000027  93.499
20181013 1616 D    136 00ED7   5631   824  17008  39.75150 -102.63478 28512000027  93.463
20181013 1617 D    137 00ED7   4774   849 316006  39.75026 -102.63324 28512000027  93.538
20181013 1618 D    138 00ED7   3922   880 310005  39.74923 -102.63170 28512000027  93.615
20181013 1619 D    139 00ED7   3070   906 308005  39.74831 -102.63023 28512000027  93.686
20181013 1620 D    140 00ED7   2218   934 308005  39.74739 -102.62876 28512000027  93.753
Approximate balloon landing site information...
  date   time elap     htMSL     lat     lon
               min        ft     deg     deg
--------------------------------------------
20181013 1620  140   2218.14   39.75 -102.63   approximately    65.7 nmi   E ( 84) of the launch site
