    date/time P   elap grid   htMSL  pres dirspd     lat      lon       file      dist
                   min   id      ft    mb deg kt     deg      deg                  nmi
_______________________________________________________________________________________
20181110 1340 A      0 00E35   4835                                   31312000027
20181110 1341 A      1 00E35   6164   810 266014  40.52688 -104.71825 31312000027  42.933
20181110 1342 A      2 00E35   7493   771 275029  40.52612 -104.70770 31312000027  42.864
20181110 1343 A      3 00E35   8822   733 281042  40.52380 -104.69241 31312000027  42.696
20181110 1344 A      4 00E35  10151   697 287049  40.51958 -104.67513 31312000027  42.423
20181110 1345 A      5 00E35  11480   662 289049  40.51505 -104.65800 31312000027  42.143
20181110 1346 A      6 00E35  12809   625 288049  40.51072 -104.64094 31312000027  41.899
20181110 1347 A      7 00E35  14138   593 286048  40.50689 -104.62395 31312000027  41.695
20181110 1348 A      8 00E35  15467   563 285047  40.50343 -104.60731 31312000027  41.523
20181110 1349 A      9 00E35  16796   534 283046  40.50040 -104.59074 31312000027  41.386
20181110 1350 A     10 00E35  18125   506 281047  40.49786 -104.57390 31312000027  41.304
20181110 1351 A     11 00ED5  19454   482 286042  40.49446 -104.55910 31312000027  41.170
20181110 1352 A     12 00ED5  20783   456 283043  40.49159 -104.54382 31312000027  41.084
20181110 1353 A     13 00ED5  22112   432 280044  40.48927 -104.52782 31312000027  41.058
20181110 1354 A     14 00ED5  23441   409 277046  40.48760 -104.51105 31312000027  41.073
20181110 1355 A     15 00ED5  24770   386 275048  40.48635 -104.49357 31312000027  41.143
20181110 1356 A     16 00ED6  26099   361 271054  40.48587 -104.47369 31312000027  41.294
20181110 1357 A     17 00ED6  27428   341 270057  40.48576 -104.45281 31312000027  41.493
20181110 1358 A     18 00ED6  28757   322 269059  40.48581 -104.43108 31312000027  41.739
20181110 1359 A     19 00ED6  30086   303 269061  40.48603 -104.40858 31312000027  42.022
20181110 1400 A     20 00ED6  31415   285 269063  40.48630 -104.38544 31312000027  42.343
20181110 1401 A     21 00ED6  32744   269 268065  40.48662 -104.36173 31312000027  42.701
20181110 1402 A     22 00ED6  34073   252 268066  40.48700 -104.33746 31312000027  43.097
20181110 1403 A     23 00ED6  35402   237 269069  40.48716 -104.31213 31312000027  43.516
20181110 1404 A     24 00ED6  36731   223 270072  40.48705 -104.28566 31312000027  43.967
20181110 1405 A     25 00ED6  38060   206 271076  40.48662 -104.25791 31312000027  44.461
20181110 1406 A     26 00ED6  39389   194 272077  40.48576 -104.22974 31312000027  44.962
20181110 1407 A     27 00ED6  40718   183 273076  40.48430 -104.20187 31312000027  45.463
20181110 1408 A     28 00ED6  42047   172 275075  40.48225 -104.17434 31312000027  45.952
20181110 1409 A     29 00ED6  43376   161 277075  40.47960 -104.14709 31312000027  46.439
20181110 1410 A     30 00ED6  44705   149 278074  40.47641 -104.12020 31312000027  46.908
20181110 1411 A     31 00ED6  46034   142 278070  40.47350 -104.09480 31312000027  47.391
20181110 1412 A     32 00ED6  47363   134 278066  40.47085 -104.07096 31312000027  47.863
20181110 1413 A     33 00ED6  48692   126 277061  40.46853 -104.04867 31312000027  48.341
20181110 1414 A     34 00ED6  50021   118 277057  40.46648 -104.02794 31312000027  48.798
20181110 1415 A     35 00ED6  50931   112 277054  40.46464 -104.00842 31312000027  49.246
20181110 1416 A     36 00ED6  51841   106 276050  40.46302 -103.99002 31312000027  49.692
20181110 1417 A     37 00ED6  52751   102 276048  40.46156 -103.97262 31312000027  50.123
20181110 1418 A     38 00ED6  53661    97 276046  40.45999 -103.95578 31312000027  50.539
20181110 1419 A     39 00ED6  54571    93 277046  40.45821 -103.93909 31312000027  50.949
20181110 1420 A     40 00ED6  55481    89 279045  40.45621 -103.92261 31312000027  51.352
20181110 1421 A     41 00ED6  56391    86 280045  40.45399 -103.90633 31312000027  51.750
20181110 1422 A     42 00ED6  57301    82 281045  40.45151 -103.89028 31312000027  52.136
20181110 1423 A     43 00ED6  58211    78 282044  40.44881 -103.87444 31312000027  52.515
20181110 1424 A     44 00ED6  59121    74 283044  40.44584 -103.85880 31312000027  52.881
20181110 1425 A     45 00ED6  60031    71 285044  40.44265 -103.84332 31312000027  53.242
20181110 1426 A     46 00ED6  60941    68 287042  40.43919 -103.82867 31312000027  53.572
20181110 1427 A     47 00ED6  61851    65 289039  40.43546 -103.81510 31312000027  53.862
20181110 1428 A     48 00ED6  62761    62 292037  40.43151 -103.80237 31312000027  54.121
20181110 1429 A     49 00ED6  63671    59 295035  40.42735 -103.79077 31312000027  54.339
20181110 1430 A     50 00ED6  64581    57 298033  40.42298 -103.78003 31312000027  54.527
20181110 1431 A     51 00ED6  65491    54 302031  40.41833 -103.77034 31312000027  54.671
20181110 1432 A     52 00ED6  66401    52 305029  40.41347 -103.76158 31312000027  54.788
20181110 1433 A     53 00ED6  67311    49 310028  40.40839 -103.75366 31312000027  54.862
20181110 1434 A     54 00ED6  68221    47 312027  40.40320 -103.74617 31312000027  54.918
20181110 1435 A     55 00ED6  69131    46 314027  40.39790 -103.73910 31312000027  54.971
20181110 1436 A     56 00ED6  70041    44 316026  40.39250 -103.73238 31312000027  54.997
20181110 1437 A     57 00ED6  70951    42 319026  40.38693 -103.72617 31312000027  55.014
20181110 1438 A     58 00ED6  71861    40 322025  40.38126 -103.72038 31312000027  55.009
20181110 1439 A     59 00ED6  72771    39 324025  40.37548 -103.71501 31312000027  54.993
20181110 1440 A     60 00ED6  73681    37 327025  40.36959 -103.71007 31312000027  54.957
20181110 1441 A     61 00ED6  74591    35 330024  40.36359 -103.70554 31312000027  54.906
20181110 1442 A     62 00ED6  75501    33 333024  40.35743 -103.70145 31312000027  54.840
20181110 1443 A     63 00ED6  76411    32 335024  40.35122 -103.69770 31312000027  54.751
20181110 1444 A     64 00ED6  77321    30 338024  40.34484 -103.69445 31312000027  54.650
20181110 1445 A     65 00ED6  78231    29 340024  40.33835 -103.69149 31312000027  54.541
20181110 1446 A     66 00ED6  79141    28 342024  40.33176 -103.68880 31312000027  54.414
20181110 1447 A     67 00ED6  80051    27 344024  40.32506 -103.68640 31312000027  54.280
20181110 1448 A     68 00ED6  80961    25 346025  40.31825 -103.68429 31312000027  54.130
20181110 1449 A     69 00ED6  81871    24 349025  40.31128 -103.68253 31312000027  53.964
20181110 1450 A     70 00ED6  82781    23 350025  40.30420 -103.68098 31312000027  53.792
20181110 1451 A     71 00ED6  83691    22 352026  40.29702 -103.67977 31312000027  53.608
20181110 1452 A     72 00ED6  84601    21 354026  40.28972 -103.67878 31312000027  53.411
20181110 1453 A     73 00ED6  85511    20 356026  40.28232 -103.67815 31312000027  53.203
20181110 1454 A     74 00ED6  86421    19 355026  40.27486 -103.67744 31312000027  52.993
20181110 1455 A     75 00ED6  87331    18 354026  40.26741 -103.67645 31312000027  52.805
20181110 1456 A     76 00ED6  88241    18 353027  40.25990 -103.67532 31312000027  52.620
20181110 1457 A     77 00ED6  89151    17 351027  40.25239 -103.67391 31312000027  52.448
20181110 1458 A     78 00ED6  90061    17 350027  40.24482 -103.67229 31312000027  52.292
20181110 1459 A     79 00ED6  90971    16 349027  40.23726 -103.67046 31312000027  52.137
20181110 1500 A     80 00ED6  91881    15 347027  40.22969 -103.66834 31312000027  52.004
20181110 1501 A     81 00ED6  92791    15 346028  40.22208 -103.66602 31312000027  51.888
20181110 1502 A     82 00ED6  93701    14 345028  40.21446 -103.66348 31312000027  51.774
20181110 1503 A     83 00ED6  94611    13 344028  40.20678 -103.66073 31312000027  51.675
20181110 1504 A     84 00ED6  95521    13 343028  40.19911 -103.65770 31312000027  51.592
20181110 1505 A     85 00ED6  96431    12 342029  40.19144 -103.65446 31312000027  51.528
20181110 1506 A     86 00ED6  97341    11 341029  40.18371 -103.65100 31312000027  51.472
20181110 1507 A     87 00ED6  98251    11 340029  40.17598 -103.64735 31312000027  51.428
20181110 1508 A     88 00ED6  99161    10 338030  40.16820 -103.64339 31312000027  51.394
20181110 1509 A     89 00ED6 100071    11 338030  40.16042 -103.63946 31312000027  51.371
20181110 1510 A     90 00ED6 100981    11 338030  40.15264 -103.63551 31312000027  51.351
20181110 1511 A     91 00ED6 101891    10 338030  40.14486 -103.63157 31312000027  51.335
20181110 1512 A     92 00ED6 102801    10 338030  40.13708 -103.62763 31312000027  51.331
20181110 1513 D     93 00ED6 103000    10 338030  40.12930 -103.62369 31312000027  51.321
20181110 1514 D     94 00ED6  93331    14 346028  40.12169 -103.62122 31312000027  51.262
20181110 1515 D     95 00ED6  85275    20 355026  40.11433 -103.62045 31312000027  51.143
20181110 1516 D     96 00ED6  78472    28 341024  40.10785 -103.61757 31312000027  51.130
20181110 1517 D     97 00ED6  72705    39 324025  40.10207 -103.61222 31312000027  51.244
20181110 1518 D     98 00ED6  67761    48 311027  40.09694 -103.60462 31312000027  51.475
20181110 1519 D     99 00ED6  63339    60 294036  40.09283 -103.59266 31312000027  51.913
20181110 1520 D    100 00ED6  59407    73 284044  40.08974 -103.57719 31312000027  52.529
20181110 1521 D    101 00ED6  55840    88 279045  40.08764 -103.56086 31312000027  53.202
20181110 1522 D    102 00ED6  52574   103 276048  40.08612 -103.54334 31312000027  53.942
20181110 1523 D    103 00ED6  49533   121 277059  40.08397 -103.52216 31312000027  54.838
20181110 1524 D    104 00ED6  46726   138 278068  40.08121 -103.49769 31312000027  55.864
20181110 1525 D    105 00ED7  44084   155 276065  40.07904 -103.47433 31312000027  56.854
20181110 1526 D    106 00ED7  41591   176 275068  40.07705 -103.44950 31312000027  57.922
20181110 1527 D    107 00ED7  39260   195 275072  40.07521 -103.42333 31312000027  59.054
20181110 1528 D    108 00ED7  37058   219 273070  40.07402 -103.39773 31312000027  60.169
20181110 1529 D    109 00ED7  34970   241 271068  40.07348 -103.37297 31312000027  61.262
20181110 1530 D    110 00ED7  32966   266 270065  40.07337 -103.34919 31312000027  62.315
20181110 1531 D    111 00ED7  31044   290 269063  40.07348 -103.32626 31312000027  63.341
20181110 1532 D    112 00ED7  29182   317 269060  40.07370 -103.30446 31312000027  64.317
20181110 1533 D    113 00ED7  27383   343 269056  40.07391 -103.28392 31312000027  65.231
20181110 1534 D    114 00ED7  25637   369 270053  40.07386 -103.26465 31312000027  66.097
20181110 1535 D    115 00ED7  23941   399 271049  40.07343 -103.24693 31312000027  66.882
20181110 1536 D    116 00ED7  22293   428 272045  40.07294 -103.23061 31312000027  67.601
20181110 1537 D    117 00ED7  20691   455 272041  40.07251 -103.21548 31312000027  68.277
20181110 1538 D    118 00ED7  19128   488 271038  40.07224 -103.20149 31312000027  68.897
20181110 1539 D    119 00ED7  17609   518 272035  40.07175 -103.18861 31312000027  69.470
20181110 1540 D    120 00ED7  16127   550 275032  40.07083 -103.17694 31312000027  69.983
20181110 1541 D    121 00ED7  14679   584 284029  40.06873 -103.16667 31312000027  70.415
20181110 1542 D    122 00ED7  13265   619 296028  40.06516 -103.15753 31312000027  70.782
20181110 1543 D    123 00ED7  11882   651 308029  40.06013 -103.14923 31312000027  71.090
20181110 1544 D    124 00ED7  10526   686 313030  40.05419 -103.14114 31312000027  71.386
20181110 1545 D    125 00ED7   9197   721 313027  40.04884 -103.13383 31312000027  71.656
20181110 1546 D    126 00ED7   7892   758 308021  40.04517 -103.12771 31312000027  71.886
20181110 1547 D    127 00ED7   6612   796 301016  40.04284 -103.12272 31312000027  72.088
20181110 1548 D    128 00ED7   5354   836 293015  40.04116 -103.11765 31312000027  72.299
20181110 1549 D    129 00ED7   4133   873 289012  40.03998 -103.11337 31312000027  72.477
20181110 1550 D    130 00ED7   2921   916 288009  40.03911 -103.10999 31312000027  72.622
20181110 1551 D    131 00ED7   1709   956 288009  40.03825 -103.10662 31312000027  72.768
Approximate balloon landing site information...
  date   time elap     htMSL     lat     lon
               min        ft     deg     deg
--------------------------------------------
20181110 1551  131   1709.71   40.04 -103.11   approximately    79.6 nmi   E (106) of the launch site
