    date/time P   elap grid   htMSL  pres dirspd     lat      lon       file      dist
                   min   id      ft    mb deg kt     deg      deg                  nmi
_______________________________________________________________________________________
20181104 1400 A      0 00ED6   5205                                   30712000027
20181104 1401 A      1 00ED6   4206   873 214006  39.61190 -104.04024 30712000027  31.053
20181104 1402 A      2 00ED6   5535   831 227006  39.61314 -104.03849 30712000027  31.105
20181104 1403 A      3 00ED6   6864   791 249007  39.61390 -104.03583 30712000027  31.201
20181104 1404 A      4 00ED6   8193   753 275008  39.61369 -104.03297 30712000027  31.335
20181104 1405 A      5 00ED6   9522   712 301015  39.61147 -104.02836 30712000027  31.583
20181104 1406 A      6 00ED6  10851   677 312021  39.60747 -104.02263 30712000027  31.918
20181104 1407 A      7 00ED6  12180   642 315026  39.60218 -104.01592 30712000027  32.327
20181104 1408 A      8 00ED6  13509   610 311028  39.59688 -104.00824 30712000027  32.778
20181104 1409 A      9 00ED6  14838   579 311032  39.59088 -103.99957 30712000027  33.287
20181104 1410 A     10 00ED6  16167   549 313036  39.58386 -103.98994 30712000027  33.862
20181104 1411 A     11 00ED6  17496   521 317040  39.57565 -103.98016 30712000027  34.482
20181104 1412 A     12 00ED6  18825   494 320043  39.56640 -103.97024 30712000027  35.132
20181104 1413 A     13 00ED6  20154   468 320044  39.55678 -103.95998 30712000027  35.799
20181104 1414 A     14 00ED6  21483   444 320046  39.54684 -103.94936 30712000027  36.510
20181104 1415 A     15 00ED6  22812   417 319047  39.53673 -103.93826 30712000027  37.241
20181104 1416 A     16 00ED6  24141   395 318049  39.52636 -103.92654 30712000027  38.004
20181104 1417 A     17 00ED6  25470   374 316053  39.51544 -103.91335 30712000027  38.845
20181104 1418 A     18 00ED6  26799   353 315058  39.50398 -103.89863 30712000027  39.763
20181104 1419 A     19 00ED6  28128   333 315063  39.49144 -103.88258 30712000027  40.776
20181104 1420 A     20 00EN6  29457   316 312065  39.47896 -103.86528 30712000027  41.839
20181104 1421 A     21 00EN6  30786   297 314069  39.46529 -103.84743 30712000027  42.962
20181104 1422 A     22 00EN6  32115   281 317072  39.45053 -103.82978 30712000027  44.105
20181104 1423 A     23 00EN6  33444   264 319074  39.43475 -103.81236 30712000027  45.281
20181104 1424 A     24 00EN6  34773   248 321077  39.41784 -103.79522 30712000027  46.482
20181104 1425 A     25 00EN6  36102   232 325081  39.39930 -103.77856 30712000027  47.720
20181104 1426 A     26 00EN6  37431   218 327084  39.37931 -103.76234 30712000027  48.992
20181104 1427 A     27 00EN6  38760   204 330088  39.35790 -103.74653 30712000027  50.295
20181104 1428 A     28 00EN6  40089   192 330085  39.33737 -103.73142 30712000027  51.560
20181104 1429 A     29 00EN6  41418   181 329077  39.31878 -103.71722 30712000027  52.730
20181104 1430 A     30 00EN6  42747   170 328070  39.30213 -103.70393 30712000027  53.814
20181104 1431 A     31 00EN6  44076   158 326063  39.28743 -103.69155 30712000027  54.784
20181104 1432 A     32 00EN6  45405   148 325056  39.27446 -103.68001 30712000027  55.674
20181104 1433 A     33 00EN6  46734   140 324052  39.26257 -103.66909 30712000027  56.505
20181104 1434 A     34 00EN6  48063   132 323048  39.25171 -103.65873 30712000027  57.278
20181104 1435 A     35 00EN6  49392   123 322044  39.24198 -103.64899 30712000027  57.985
20181104 1436 A     36 00EN6  50721   115 320040  39.23328 -103.63982 30712000027  58.643
20181104 1437 A     37 00EN6  51631   110 319038  39.22522 -103.63100 30712000027  59.263
20181104 1438 A     38 00EN6  52541   104 318034  39.21798 -103.62266 30712000027  59.833
20181104 1439 A     39 00EN6  53451   100 316032  39.21133 -103.61467 30712000027  60.366
20181104 1440 A     40 00EN6  54361    95 316030  39.20517 -103.60709 30712000027  60.871
20181104 1441 A     41 00EN6  55271    92 315029  39.19939 -103.59987 30712000027  61.348
20181104 1442 A     42 00EN6  56181    88 315026  39.19409 -103.59306 30712000027  61.793
20181104 1443 A     43 00EN6  57091    84 314024  39.18929 -103.58666 30712000027  62.202
20181104 1444 A     44 00EN6  58001    81 313023  39.18485 -103.58062 30712000027  62.586
20181104 1445 A     45 00EN6  58911    77 312021  39.18091 -103.57499 30712000027  62.943
20181104 1446 A     46 00EN6  59821    73 310019  39.17734 -103.56971 30712000027  63.266
20181104 1447 A     47 00EN6  60731    69 308017  39.17426 -103.56478 30712000027  63.559
20181104 1448 A     48 00EN6  61641    67 308016  39.17134 -103.56006 30712000027  63.841
20181104 1449 A     49 00EN6  62551    64 307015  39.16864 -103.55561 30712000027  64.101
20181104 1450 A     50 00EN6  63461    62 307015  39.16610 -103.55131 30712000027  64.354
20181104 1451 A     51 00EN6  64371    59 306014  39.16378 -103.54728 30712000027  64.586
20181104 1452 A     52 00EN6  65281    56 306013  39.16161 -103.54346 30712000027  64.807
20181104 1453 A     53 00EN6  66191    53 304012  39.15967 -103.53985 30712000027  65.012
20181104 1454 A     54 00EN6  67101    51 303011  39.15794 -103.53645 30712000027  65.198
20181104 1455 A     55 00EN6  68011    49 300010  39.15643 -103.53311 30712000027  65.380
20181104 1456 A     56 00EN6  68921    47 293010  39.15524 -103.52958 30712000027  65.555
20181104 1457 A     57 00EN6  69831    45 288010  39.15427 -103.52589 30712000027  65.727
20181104 1458 A     58 00EN6  70741    43 283010  39.15356 -103.52208 30712000027  65.888
20181104 1459 A     59 00EN6  71651    42 277011  39.15313 -103.51812 30712000027  66.054
20181104 1500 A     60 00EN6  72561    40 272011  39.15297 -103.51402 30712000027  66.209
20181104 1501 A     61 00EN6  73471    38 268011  39.15308 -103.50979 30712000027  66.368
20181104 1502 A     62 00EN6  74381    36 263012  39.15346 -103.50542 30712000027  66.511
20181104 1503 A     63 00EN6  75291    35 260012  39.15405 -103.50090 30712000027  66.664
20181104 1504 A     64 00EN6  76201    33 255013  39.15497 -103.49625 30712000027  66.802
20181104 1505 A     65 00EN7  77111    31 251016  39.15637 -103.49077 30712000027  66.955
20181104 1506 A     66 00EN7  78021    30 249016  39.15799 -103.48508 30712000027  67.113
20181104 1507 A     67 00EN7  78931    28 251017  39.15956 -103.47904 30712000027  67.284
20181104 1508 A     68 00EN7  79841    27 252018  39.16113 -103.47266 30712000027  67.469
20181104 1509 A     69 00EN7  80751    26 253019  39.16264 -103.46592 30712000027  67.674
20181104 1510 A     70 00EN7  81661    25 254020  39.16415 -103.45891 30712000027  67.883
20181104 1511 A     71 00EN7  82571    24 255021  39.16567 -103.45155 30712000027  68.114
20181104 1512 A     72 00EN7  83481    23 256022  39.16713 -103.44385 30712000027  68.357
20181104 1513 A     73 00EN7  84391    22 256023  39.16859 -103.43579 30712000027  68.616
20181104 1514 A     74 00EN7  85301    21 257024  39.16999 -103.42739 30712000027  68.887
20181104 1515 A     75 00EN7  86211    20 258025  39.17139 -103.41864 30712000027  69.174
20181104 1516 A     76 00EN7  87121    19 258025  39.17285 -103.40968 30712000027  69.470
20181104 1517 A     77 00EN7  88031    18 257026  39.17436 -103.40059 30712000027  69.774
20181104 1518 A     78 00EN7  88941    18 257026  39.17593 -103.39136 30712000027  70.079
20181104 1519 A     79 00EN7  89851    17 257026  39.17755 -103.38198 30712000027  70.391
20181104 1520 A     80 00EN7  90761    16 257027  39.17923 -103.37247 30712000027  70.705
20181104 1521 A     81 00EN7  91671    16 257027  39.18096 -103.36282 30712000027  71.027
20181104 1522 A     82 00EN7  92581    15 256028  39.18280 -103.35296 30712000027  71.355
20181104 1523 D     83 00EN7  93000    15 256028  39.18463 -103.34309 30712000027  71.684
20181104 1524 D     84 00EN7  87987    18 257026  39.18615 -103.33399 30712000027  71.997
20181104 1525 D     85 00EN7  83463    23 256022  39.18760 -103.32629 30712000027  72.256
20181104 1526 D     86 00EN7  79420    28 252018  39.18917 -103.32003 30712000027  72.452
20181104 1527 D     87 00EN7  75739    34 254014  39.19025 -103.31490 30712000027  72.620
20181104 1528 D     88 00EN7  72409    40 265012  39.19053 -103.31045 30712000027  72.790
20181104 1529 D     89 00EN7  69353    46 278010  39.19009 -103.30670 30712000027  72.950
20181104 1530 D     90 00EN7  66504    52 291010  39.18896 -103.30309 30712000027  73.133
20181104 1531 D     91 00EN7  63832    60 299014  39.18707 -103.29871 30712000027  73.363
20181104 1532 D     92 00EN7  61336    68 303016  39.18447 -103.29364 30712000027  73.645
20181104 1533 D     93 00EN7  58983    76 307020  39.18095 -103.28774 30712000027  73.991
20181104 1534 D     94 00EN7  56765    85 310024  39.17652 -103.28101 30712000027  74.396
20181104 1535 D     95 00EN7  54662    94 311028  39.17117 -103.27337 30712000027  74.867
20181104 1536 D     96 00EN7  52657   104 314033  39.16463 -103.26490 30712000027  75.404
20181104 1537 D     97 00EN7  50750   115 317038  39.15674 -103.25574 30712000027  76.015
20181104 1538 D     98 00EN7  48936   126 320043  39.14750 -103.24588 30712000027  76.700
20181104 1539 D     99 00EN7  47202   137 322048  39.13690 -103.23533 30712000027  77.454
20181104 1540 D    100 00EN7  45538   147 323052  39.12512 -103.22415 30712000027  78.269
20181104 1541 D    101 00EN7  43932   159 325059  39.11156 -103.21222 30712000027  79.170
20181104 1542 D    102 00EN7  42389   172 327065  39.09615 -103.19959 30712000027  80.165
20181104 1543 D    103 00EN7  40902   184 328072  39.07891 -103.18627 30712000027  81.248
20181104 1544 D    104 00EN7  39464   197 330079  39.05984 -103.17226 30712000027  82.424
20181104 1545 D    105 00EN7  38072   210 328080  39.04065 -103.15729 30712000027  83.645
20181104 1546 D    106 00EN7  36720   226 326081  39.02190 -103.14114 30712000027  84.899
20181104 1547 D    107 00EN7  35411   240 323081  39.00352 -103.12396 30712000027  86.184
20181104 1548 D    108 00EN7  34137   253 322082  38.98552 -103.10602 30712000027  87.488
20181104 1549 D    109 00EN7  32891   269 320080  38.96823 -103.08788 30712000027  88.779
20181104 1550 D    110 00EN7  31673   284 319079  38.95153 -103.06960 30712000027  90.052
20181104 1551 D    111 00EN7  30479   301 318077  38.93553 -103.05119 30712000027  91.308
20181104 1552 D    112 00EN7  29310   317 318072  38.92051 -103.03416 30712000027  92.480
20181104 1553 D    113 00EN7  28165   334 318067  38.90645 -103.01846 30712000027  93.569
20181104 1554 D    114 00EN7  27042   350 319062  38.89337 -103.00407 30712000027  94.575
20181104 1555 D    115 00EN7  25939   366 319059  38.88083 -102.99024 30712000027  95.540
20181104 1556 D    116 00EN7  24855   384 319056  38.86889 -102.97704 30712000027  96.460
20181104 1557 D    117 00EN7  23792   400 319054  38.85743 -102.96439 30712000027  97.347
20181104 1558 D    118 00EN7  22745   421 320053  38.84586 -102.95216 30712000027  98.217
20181104 1559 D    119 00EN7  21718   438 321053  38.83419 -102.94019 30712000027  99.087
20181104 1600 D    120 00EN7  20707   456 322052  38.82257 -102.92873 30712000027  99.934
20181104 1601 D    121 00EN7  19713   475 322050  38.81144 -102.91795 30712000027 100.738
20181104 1602 D    122 00EN7  18736   494 323047  38.80079 -102.90793 30712000027 101.498
20181104 1603 D    123 00EN7  17775   514 323043  38.79106 -102.89861 30712000027 102.197
20181104 1604 D    124 00EN7  16832   535 322039  38.78236 -102.89004 30712000027 102.832
20181104 1605 D    125 00EN7  15906   557 320035  38.77473 -102.88210 30712000027 103.405
20181104 1606 D    126 00EN7  14996   576 317031  38.76819 -102.87450 30712000027 103.925
20181104 1607 D    127 00EN7  14101   598 313027  38.76290 -102.86739 30712000027 104.385
20181104 1608 D    128 00EN7  13221   619 312024  38.75825 -102.86090 30712000027 104.795
20181104 1609 D    129 00EN7  12354   639 311021  38.75425 -102.85503 30712000027 105.158
20181104 1610 D    130 00EN7  11498   660 308019  38.75095 -102.84972 30712000027 105.477
20181104 1611 D    131 00EN7  10653   686 302016  38.74858 -102.84489 30712000027 105.740
20181104 1612 D    132 00EN7   9820   708 294014  38.74690 -102.84020 30712000027 105.975
20181104 1613 D    133 00EN7   8997   731 285014  38.74582 -102.83523 30712000027 106.203
20181104 1614 D    134 00EN7   8183   754 272014  38.74560 -102.82991 30712000027 106.407
20181104 1615 D    135 00EN7   7378   778 249018  38.74744 -102.82371 30712000027 106.569
20181104 1616 D    136 00EN7   6585   797 237023  38.75090 -102.81680 30712000027 106.700
20181104 1617 D    137 00EN7   5800   822 234019  38.75403 -102.81129 30712000027 106.791
20181104 1618 D    138 00EN7   5026   848 230013  38.75652 -102.80749 30712000027 106.842
20181104 1619 D    139 00EN7   4258   875 229013  38.75895 -102.80383 30712000027 106.893
20181104 1620 D    140 00EN7   3490   896 230013  38.76133 -102.80017 30712000027 106.943
20181104 1621 D    141 00EN7   2722   924 229013  38.76371 -102.79658 30712000027 106.996
20181104 1622 D    142 00EN7   1954   952 230013  38.76608 -102.79292 30712000027 107.047
Approximate balloon landing site information...
  date   time elap     htMSL     lat     lon
               min        ft     deg     deg
--------------------------------------------
20181104 1622  142   1954.23   38.77 -102.79   approximately    77.0 nmi ESE (124) of the launch site
