    date/time P   elap grid   htMSL  pres dirspd     lat      lon       file      dist
                   min   id      ft    mb deg kt     deg      deg                  nmi
_______________________________________________________________________________________
20180728 1245 A      0 00ED6   5205                                   20812000024
20180728 1246 A      1 00ED6   6534   809 354008  39.60818 -104.04121 20812000024  31.107
20180728 1247 A      2 00ED6   7863   772  13006  39.60634 -104.04177 20812000024  31.120
20180728 1248 A      3 00ED6   9192   732   9006  39.60466 -104.04212 20812000024  31.156
20180728 1249 A      4 00ED6  10521   698 329007  39.60283 -104.04072 20812000024  31.252
20180728 1250 A      5 00ED6  11850   666 308011  39.60083 -104.03751 20812000024  31.440
20180728 1251 A      6 00ED6  13179   634 310014  39.59818 -104.03353 20812000024  31.671
20180728 1252 A      7 00ED6  14508   603 322017  39.59439 -104.02976 20812000024  31.926
20180728 1253 A      8 00ED6  15837   574 324021  39.58964 -104.02536 20812000024  32.224
20180728 1254 A      9 00ED6  17166   546 324025  39.58396 -104.02005 20812000024  32.592
20180728 1255 A     10 00ED6  18495   519 319028  39.57791 -104.01328 20812000024  33.034
20180728 1256 A     11 00ED6  19824   493 315032  39.57159 -104.00511 20812000024  33.542
20180728 1257 A     12 00ED6  21153   468 310034  39.56532 -103.99575 20812000024  34.091
20180728 1258 A     13 00ED6  22482   441 306036  39.55922 -103.98521 20812000024  34.685
20180728 1259 A     14 00ED6  23811   418 304037  39.55338 -103.97404 20812000024  35.308
20180728 1300 A     15 00ED6  25140   396 300038  39.54787 -103.96210 20812000024  35.956
20180728 1301 A     16 00ED6  26469   375 297039  39.54273 -103.94946 20812000024  36.616
20180728 1302 A     17 00ED6  27798   355 294040  39.53803 -103.93607 20812000024  37.286
20180728 1303 A     18 00ED6  29127   336 292043  39.53333 -103.92168 20812000024  38.007
20180728 1304 A     19 00ED6  30456   317 291046  39.52857 -103.90620 20812000024  38.783
20180728 1305 A     20 00ED6  31785   299 290049  39.52365 -103.88958 20812000024  39.606
20180728 1306 A     21 00ED6  33114   283 292053  39.51803 -103.87193 20812000024  40.480
20180728 1307 A     22 00ED6  34443   266 293056  39.51176 -103.85323 20812000024  41.429
20180728 1308 A     23 00ED6  35772   248 294061  39.50468 -103.83327 20812000024  42.441
20180728 1309 A     24 00ED6  37101   235 295066  39.49679 -103.81172 20812000024  43.551
20180728 1310 A     25 00EN6  38430   222 297072  39.48750 -103.78877 20812000024  44.745
20180728 1311 A     26 00EN6  39759   208 297077  39.47755 -103.76422 20812000024  46.032
20180728 1312 A     27 00EN6  41088   196 297079  39.46750 -103.73898 20812000024  47.340
20180728 1313 A     28 00EN6  42417   185 295075  39.45831 -103.71464 20812000024  48.596
20180728 1314 A     29 00EN6  43746   174 294071  39.45005 -103.69122 20812000024  49.795
20180728 1315 A     30 00EN6  45075   163 292068  39.44264 -103.66870 20812000024  50.925
20180728 1316 A     31 00EN6  46404   152 291064  39.43616 -103.64709 20812000024  51.990
20180728 1317 A     32 00EN6  47733   143 291057  39.43037 -103.62793 20812000024  52.943
20180728 1318 A     33 00EN6  49062   134 292048  39.42535 -103.61190 20812000024  53.743
20180728 1319 A     34 00EN6  50391   126 292040  39.42102 -103.59866 20812000024  54.409
20180728 1320 A     35 00EN6  51301   121 293034  39.41714 -103.58717 20812000024  54.991
20180728 1321 A     36 00EN6  52211   114 294029  39.41373 -103.57770 20812000024  55.473
20180728 1322 A     37 00EN6  53121   109 296024  39.41076 -103.56996 20812000024  55.872
20180728 1323 A     38 00EN6  54031   103 299018  39.40827 -103.56432 20812000024  56.176
20180728 1324 A     39 00EN6  54941    99 302014  39.40617 -103.56007 20812000024  56.403
20180728 1325 A     40 00EN6  55851    95 303012  39.40427 -103.55638 20812000024  56.606
20180728 1326 A     41 00EN6  56761    90 303010  39.40265 -103.55325 20812000024  56.779
20180728 1327 A     42 00EN6  57671    87 305009  39.40120 -103.55059 20812000024  56.928
20180728 1328 A     43 00EN6  58581    83 307007  39.40001 -103.54857 20812000024  57.044
20180728 1329 A     44 00EN6  59491    79 309005  39.39898 -103.54697 20812000024  57.141
20180728 1330 A     45 00EN6  60401    75 315003  39.39822 -103.54599 20812000024  57.198
20180728 1331 A     46 00EN6  61311    72 315006  39.39698 -103.54439 20812000027  57.303
20180728 1332 A     47 00EN6  62221    68 329005  39.39568 -103.54341 20812000027  57.373
20180728 1333 A     48 00EN6  63131    66 345004  39.39444 -103.54299 20812000027  57.429
20180728 1334 A     49 00EN6  64041    63   7004  39.39325 -103.54321 20812000027  57.452
20180728 1335 A     50 00EN6  64951    61  29004  39.39211 -103.54404 20812000027  57.443
20180728 1336 A     51 00EN6  65861    58  47005  39.39109 -103.54550 20812000027  57.413
20180728 1337 A     52 00EN6  66771    55  59006  39.39011 -103.54765 20812000027  57.347
20180728 1338 A     53 00EN6  67681    53  66008  39.38919 -103.55038 20812000027  57.260
20180728 1339 A     54 00EN6  68591    50  71010  39.38833 -103.55379 20812000027  57.146
20180728 1340 A     55 00EN6  69501    48  74010  39.38757 -103.55741 20812000027  57.012
20180728 1341 A     56 00EN6  70411    46  77011  39.38692 -103.56131 20812000027  56.870
20180728 1342 A     57 00EN6  71321    45  80011  39.38638 -103.56542 20812000027  56.714
20180728 1343 A     58 00EN6  72231    43  83012  39.38601 -103.56981 20812000027  56.545
20180728 1344 A     59 00EN6  73141    41  85012  39.38573 -103.57440 20812000027  56.363
20180728 1345 A     60 00EN6  74051    40  88013  39.38562 -103.57921 20812000027  56.170
20180728 1346 A     61 00EN6  74961    38  89013  39.38562 -103.58423 20812000027  55.964
20180728 1347 A     62 00EN6  75871    36  91014  39.38573 -103.58952 20812000027  55.741
20180728 1348 A     63 00EN6  76781    34  93015  39.38601 -103.59509 20812000027  55.505
20180728 1349 A     64 00EN6  77691    33  94016  39.38638 -103.60087 20812000027  55.256
20180728 1350 A     65 00EN6  78601    31  96017  39.38692 -103.60693 20812000027  54.994
20180728 1351 A     66 00EN6  79511    30  97017  39.38757 -103.61320 20812000027  54.718
20180728 1352 A     67 00EN6  80421    28  96018  39.38811 -103.61982 20812000027  54.433
20180728 1353 A     68 00EN6  81331    27  94019  39.38855 -103.62679 20812000027  54.137
20180728 1354 A     69 00EN6  82241    26  93020  39.38892 -103.63417 20812000027  53.824
20180728 1355 A     70 00EN6  83151    25  92021  39.38919 -103.64190 20812000027  53.502
20180728 1356 A     71 00EN6  84061    24  91022  39.38935 -103.65005 20812000027  53.169
20180728 1357 A     72 00EN6  84971    23  90023  39.38946 -103.65848 20812000027  52.821
20180728 1358 A     73 00EN6  85881    22  89024  39.38946 -103.66732 20812000027  52.463
20180728 1359 A     74 00EN6  86791    21  89025  39.38935 -103.67658 20812000027  52.094
20180728 1400 A     75 00EN6  87701    20  88026  39.38919 -103.68620 20812000027  51.709
20180728 1401 A     76 00EN6  88611    19  88027  39.38903 -103.69615 20812000027  51.310
20180728 1402 A     77 00EN6  89521    19  89028  39.38892 -103.70632 20812000027  50.908
20180728 1403 A     78 00EN6  90431    18  89028  39.38887 -103.71670 20812000027  50.492
20180728 1404 A     79 00EN6  91341    17  90029  39.38892 -103.72729 20812000027  50.071
20180728 1405 A     80 00EN6  92251    17  90030  39.38903 -103.73815 20812000027  49.633
20180728 1406 A     81 00EN6  93161    16  91030  39.38919 -103.74922 20812000027  49.192
20180728 1407 A     82 00EN6  94071    16  91031  39.38946 -103.76051 20812000027  48.738
20180728 1408 A     83 00EN6  94981    15  92032  39.38979 -103.77207 20812000027  48.276
20180728 1409 A     84 00EN6  95891    14  92032  39.39017 -103.78384 20812000027  47.800
20180728 1410 A     85 00EN6  96801    14  92033  39.39065 -103.79588 20812000027  47.311
20180728 1411 A     86 00EN6  97711    13  93034  39.39119 -103.80814 20812000027  46.816
20180728 1412 D     87 00EN6  98200    13  93034  39.39178 -103.82047 20812000027  46.313
20180728 1413 D     88 00EN6  92596    17  91030  39.39194 -103.83141 20812000027  45.888
20180728 1414 D     89 00EN6  87670    20  88026  39.39178 -103.84102 20812000027  45.520
20180728 1415 D     90 00EN6  83197    25  92021  39.39206 -103.84882 20812000027  45.211
20180728 1416 D     91 00EN6  79216    30  97017  39.39265 -103.85495 20812000027  44.961
20180728 1417 D     92 00EN6  75594    37  91014  39.39276 -103.86017 20812000027  44.755
20180728 1418 D     93 00EN6  72324    43  83012  39.39238 -103.86456 20812000027  44.603
20180728 1419 D     94 00EN6  69303    48  73010  39.39157 -103.86818 20812000027  44.491
20180728 1420 D     95 00EN6  66465    56  55006  39.39054 -103.87013 20812000027  44.456
20180728 1421 D     96 00EN6  63834    64   5004  39.38935 -103.87027 20812000027  44.492
20180728 1422 D     97 00EN6  61376    71 318006  39.38806 -103.86880 20812000027  44.585
20180728 1423 D     98 00EN6  59062    81 298008  39.38698 -103.86623 20812000027  44.728
20180728 1424 D     99 00EN6  56898    91 286010  39.38611 -103.86254 20812000027  44.892
20180728 1425 D    100 00EN6  54861    99 280013  39.38541 -103.85788 20812000027  45.092
20180728 1426 D    101 00EN6  52914   111 287024  39.38336 -103.84959 20812000027  45.482
20180728 1427 D    102 00EN6  51071   122 290035  39.37990 -103.83775 20812000027  46.052
20180728 1428 D    103 00EN6  49310   133 291046  39.37509 -103.82236 20812000027  46.800
20180728 1429 D    104 00EN6  47621   143 292056  39.36898 -103.80377 20812000027  47.717
20180728 1430 D    105 00EN6  45988   154 293064  39.36174 -103.78268 20812000027  48.773
20180728 1431 D    106 00EN6  44412   168 295069  39.35347 -103.76026 20812000027  49.913
20180728 1432 D    107 00EN6  42892   181 296073  39.34428 -103.73673 20812000027  51.126
20180728 1433 D    108 00EN6  41418   193 297077  39.33423 -103.71209 20812000027  52.410
20180728 1434 D    109 00EN6  39984   207 298078  39.32375 -103.68745 20812000027  53.713
20180728 1435 D    110 00EN6  38591   221 299075  39.31332 -103.66394 20812000027  54.972
20180728 1436 D    111 00EN6  37234   236 301072  39.30294 -103.64175 20812000027  56.169
20180728 1437 D    112 00EN6  35915   250 302069  39.29262 -103.62067 20812000027  57.331
20180728 1438 D    113 00EN6  34624   264 303066  39.28241 -103.60099 20812000027  58.432
20180728 1439 D    114 00EN6  33363   280 305061  39.27236 -103.58298 20812000027  59.461
20180728 1440 D    115 00EN6  32131   296 307058  39.26241 -103.56657 20812000027  60.422
20180728 1441 D    116 00EN6  30926   312 308053  39.25333 -103.55163 20812000027  61.302
20180728 1442 D    117 00EN6  29744   328 307047  39.24539 -103.53821 20812000027  62.090
20180728 1443 D    118 00EN6  28585   344 306041  39.23858 -103.52633 20812000027  62.774
20180728 1444 D    119 00EN6  27447   361 306037  39.23236 -103.51569 20812000027  63.394
20180728 1445 D    120 00EN6  26331   379 308034  39.22642 -103.50617 20812000027  63.956
20180728 1446 D    121 00EN6  25235   397 311030  39.22074 -103.49783 20812000027  64.470
20180728 1447 D    122 00EN7  24160   413 313030  39.21490 -103.49005 20812000027  64.965
20180728 1448 D    123 00EN7  23102   433 315029  39.20912 -103.48283 20812000027  65.439
20180728 1449 D    124 00EN7  22064   450 317028  39.20334 -103.47601 20812000027  65.890
20180728 1450 D    125 00EN7  21041   469 318026  39.19777 -103.46962 20812000027  66.329
20180728 1451 D    126 00EN7  20035   487 319025  39.19242 -103.46365 20812000027  66.736
20180728 1452 D    127 00EN7  19044   507 320024  39.18729 -103.45816 20812000027  67.121
20180728 1453 D    128 00EN7  18068   527 321022  39.18248 -103.45330 20812000027  67.468
20180728 1454 D    129 00EN7  17106   547 323020  39.17799 -103.44907 20812000027  67.786
20180728 1455 D    130 00EN7  16159   568 323018  39.17378 -103.44503 20812000027  68.079
20180728 1456 D    131 00EN7  15225   590 322018  39.16983 -103.44108 20812000027  68.369
20180728 1457 D    132 00EN7  14304   608 322017  39.16600 -103.43726 20812000027  68.643
20180728 1458 D    133 00EN7  13393   631 324016  39.16227 -103.43379 20812000027  68.906
20180728 1459 D    134 00EN7  12494   650 325015  39.15859 -103.43060 20812000027  69.152
20180728 1500 D    135 00EN7  11604   674 332012  39.15562 -103.42858 20812000027  69.333
20180728 1501 D    136 00EN7  10727   695 341009  39.15319 -103.42754 20812000027  69.456
20180728 1502 D    137 00EN7   9859   716   1006  39.15146 -103.42761 20812000027  69.510
20180728 1503 D    138 00EN7   9002   742  56004  39.15070 -103.42906 20812000027  69.487
20180728 1504 D    139 00EN7   8156   764  59004  39.15000 -103.43060 20812000027  69.448
20180728 1505 D    140 00EN7   7321   786  36004  39.14892 -103.43163 20812000027  69.447
20180728 1506 D    141 00EN7   6497   810  12006  39.14719 -103.43211 20812000027  69.493
20180728 1507 D    142 00EN7   5683   834 358009  39.14454 -103.43204 20812000027  69.587
20180728 1508 D    143 00EN7   4877   858 353011  39.14130 -103.43156 20812000027  69.714
20180728 1509 D    144 00EN7   4075   883 353011  39.13816 -103.43108 20812000027  69.842
20180728 1510 D    145 00EN7   3273   909 352011  39.13508 -103.43060 20812000027  69.971
20180728 1511 D    146 00EN7   2471   930 352011  39.13200 -103.43011 20812000027  70.100
20180728 1512 D    147 00EN7   1669   958 352011  39.12892 -103.42963 20812000027  70.222
20180728 1513 D    148 00EN7    867   986 352011  39.12584 -103.42914 20812000027  70.351
20180728 1514 D    149 00EN7     65 99999 269118  39.12617 -103.38681 20812000027  71.936
Approximate balloon landing site information...
  date   time elap     htMSL     lat     lon
               min        ft     deg     deg
--------------------------------------------
20180728 1514  149     65.61   39.13 -103.39   approximately    42.0 nmi ESE (126) of the launch site
