    date/time P   elap grid   htMSL  pres dirspd     lat      lon       file      dist
                   min   id      ft    mb deg kt     deg      deg                  nmi
_______________________________________________________________________________________
20180721 1300 A      0 00EN6   5377                                   20112000024
20180721 1301 A      1 00EN6   4378   873 172008  39.23899 -103.69657 20112000024  56.336
20180721 1302 A      2 00EN6   5707   833 177009  39.24169 -103.69671 20112000024  56.236
20180721 1303 A      3 00EN6   7036   795 187011  39.24494 -103.69616 20112000024  56.135
20180721 1304 A      4 00EN6   8365   759 220006  39.24634 -103.69463 20112000024  56.143
20180721 1305 A      5 00EN6   9694   720 151003  39.24715 -103.69518 20112000024  56.089
20180721 1306 A      6 00EN6  11023   686 107009  39.24796 -103.69845 20112000024  55.935
20180721 1307 A      7 00EN6  12352   654 102016  39.24899 -103.70428 20112000024  55.684
20180721 1308 A      8 00EN6  13681   624  95017  39.24942 -103.71040 20112000024  55.446
20180721 1309 A      9 00EN6  15010   594  87015  39.24921 -103.71610 20112000024  55.247
20180721 1310 A     10 00EN6  16339   566  79011  39.24861 -103.72020 20112000024  55.121
20180721 1311 A     11 00EN6  17668   538  67008  39.24775 -103.72285 20112000024  55.049
20180721 1312 A     12 00EN6  18997   512  45005  39.24667 -103.72424 20112000024  55.043
20180721 1313 A     13 00EN6  20326   486   8005  39.24526 -103.72452 20112000024  55.082
20180721 1314 A     14 00EN6  21655   459 342007  39.24326 -103.72369 20112000024  55.189
20180721 1315 A     15 00EN6  22984   436 329010  39.24072 -103.72174 20112000024  55.353
20180721 1316 A     16 00EN6  24313   413 322014  39.23758 -103.71861 20112000024  55.584
20180721 1317 A     17 00EN6  25642   392 310017  39.23434 -103.71375 20112000024  55.883
20180721 1318 A     18 00EN6  26971   372 294022  39.23169 -103.70631 20112000024  56.250
20180721 1319 A     19 00EN6  28300   352 284029  39.22964 -103.69624 20112000024  56.697
20180721 1320 A     20 00EN6  29629   333 279030  39.22829 -103.68539 20112000024  57.144
20180721 1321 A     21 00EN6  30958   315 274031  39.22764 -103.67407 20112000024  57.582
20180721 1322 A     22 00EN6  32287   298 270033  39.22764 -103.66226 20112000024  58.016
20180721 1323 A     23 00EN6  33616   282 271032  39.22737 -103.65059 20112000024  58.455
20180721 1324 A     24 00EN6  34945   264 273032  39.22683 -103.63905 20112000024  58.899
20180721 1325 A     25 00EN6  36274   249 275032  39.22602 -103.62766 20112000024  59.355
20180721 1326 A     26 00EN6  37603   235 277032  39.22483 -103.61605 20112000024  59.834
20180721 1327 A     27 00EN6  38932   222 279033  39.22332 -103.60425 20112000024  60.329
20180721 1328 A     28 00EN6  40261   208 281034  39.22148 -103.59222 20112000024  60.847
20180721 1329 A     29 00EN6  41590   195 282034  39.21938 -103.58027 20112000024  61.371
20180721 1330 A     30 00EN6  42919   184 284032  39.21705 -103.56895 20112000024  61.873
20180721 1331 A     31 00EN6  44248   173 286027  39.21495 -103.55964 20112000027  62.299
20180721 1332 A     32 00EN6  45577   162 284025  39.21316 -103.55081 20112000027  62.699
20180721 1333 A     33 00EN6  46906   151 282023  39.21170 -103.54247 20112000027  63.067
20180721 1334 A     34 00EN6  48235   141 283020  39.21041 -103.53546 20112000027  63.375
20180721 1335 A     35 00EN6  49564   133 284016  39.20927 -103.52962 20112000027  63.635
20180721 1336 A     36 00EN6  50893   125 285013  39.20830 -103.52504 20112000027  63.844
20180721 1337 A     37 00EN6  51803   119 286011  39.20744 -103.52122 20112000027  64.019
20180721 1338 A     38 00EN6  52713   113 288008  39.20668 -103.51831 20112000027  64.156
20180721 1339 A     39 00EN6  53623   108 292006  39.20597 -103.51616 20112000027  64.265
20180721 1340 A     40 00EN6  54533   102 301004  39.20538 -103.51491 20112000027  64.334
20180721 1341 A     41 00EN6  55443    98 315002  39.20494 -103.51435 20112000027  64.367
20180721 1342 A     42 00EN6  56353    93  36000  39.20473 -103.51456 20112000027  64.368
20180721 1343 A     43 00EN6  57263    89  85002  39.20468 -103.51553 20112000027  64.330
20180721 1344 A     44 00EN6  58173    86  94004  39.20478 -103.51714 20112000027  64.271
20180721 1345 A     45 00EN6  59083    82 100006  39.20511 -103.51949 20112000027  64.167
20180721 1346 A     46 00EN6  59993    78 101008  39.20559 -103.52255 20112000027  64.034
20180721 1347 A     47 00EN6  60903    74 103010  39.20630 -103.52637 20112000027  63.862
20180721 1348 A     48 00EN6  61813    71 104012  39.20716 -103.53082 20112000027  63.663
20180721 1349 A     49 00EN6  62723    67 104013  39.20813 -103.53561 20112000027  63.446
20180721 1350 A     50 00EN6  63633    65 104014  39.20916 -103.54061 20112000027  63.223
20180721 1351 A     51 00EN6  64543    62 104015  39.21025 -103.54589 20112000027  62.989
20180721 1352 A     52 00EN6  65453    59 104015  39.21138 -103.55137 20112000027  62.737
20180721 1353 A     53 00EN6  66363    57 105016  39.21257 -103.55707 20112000027  62.484
20180721 1354 A     54 00EN6  67273    54 104017  39.21381 -103.56304 20112000027  62.215
20180721 1355 A     55 00EN6  68183    52 105017  39.21511 -103.56923 20112000027  61.932
20180721 1356 A     56 00EN6  69093    49 105018  39.21646 -103.57569 20112000027  61.639
20180721 1357 A     57 00EN6  70003    48 103019  39.21770 -103.58235 20112000027  61.345
20180721 1358 A     58 00EN6  70913    46 102019  39.21889 -103.58930 20112000027  61.046
20180721 1359 A     59 00EN6  71823    44 100020  39.21997 -103.59646 20112000027  60.736
20180721 1400 A     60 00EN6  72733    42 100021  39.22100 -103.60389 20112000027  60.422
20180721 1401 A     61 00EN6  73643    41  98021  39.22192 -103.61160 20112000027  60.104
20180721 1402 A     62 00EN6  74553    39  97022  39.22273 -103.61959 20112000027  59.774
20180721 1403 A     63 00EN6  75463    37  96023  39.22349 -103.62786 20112000027  59.438
20180721 1404 A     64 00EN6  76373    36  95023  39.22414 -103.63634 20112000027  59.101
20180721 1405 A     65 00EN6  77283    34  94024  39.22473 -103.64510 20112000027  58.754
20180721 1406 A     66 00EN6  78193    32  93025  39.22522 -103.65406 20112000027  58.405
20180721 1407 A     67 00EN6  79103    30  93025  39.22560 -103.66330 20112000027  58.050
20180721 1408 A     68 00EN6  80013    29  92026  39.22598 -103.67275 20112000027  57.689
20180721 1409 A     69 00EN6  80923    28  92027  39.22636 -103.68248 20112000027  57.319
20180721 1410 A     70 00EN6  81833    27  93027  39.22679 -103.69241 20112000027  56.943
20180721 1411 A     71 00EN6  82743    26  93028  39.22722 -103.70263 20112000027  56.551
20180721 1412 A     72 00EN6  83653    25  93029  39.22771 -103.71305 20112000027  56.155
20180721 1413 A     73 00EN6  84563    24  93029  39.22819 -103.72369 20112000027  55.754
20180721 1414 A     74 00EN6  85473    23  93030  39.22868 -103.73459 20112000027  55.343
20180721 1415 A     75 00EN6  86383    22  93031  39.22922 -103.74571 20112000027  54.928
20180721 1416 A     76 00EN6  87293    21  93031  39.22976 -103.75710 20112000027  54.505
20180721 1417 A     77 00EN6  88203    20  93032  39.23035 -103.76871 20112000027  54.070
20180721 1418 A     78 00EN6  89113    19  93033  39.23095 -103.78053 20112000027  53.628
20180721 1419 A     79 00EN6  90023    18  93033  39.23154 -103.79248 20112000027  53.184
20180721 1420 A     80 00EN6  90933    18  93034  39.23213 -103.80463 20112000027  52.735
20180721 1421 A     81 00EN6  91843    17  93034  39.23273 -103.81694 20112000027  52.291
20180721 1422 A     82 00EN6  92753    17  93035  39.23332 -103.82944 20112000027  51.835
20180721 1423 A     83 00EN6  93663    16  93035  39.23392 -103.84209 20112000027  51.376
20180721 1424 A     84 00EN6  94573    15  93036  39.23457 -103.85495 20112000027  50.914
20180721 1425 A     85 00EN6  95483    15  93036  39.23521 -103.86801 20112000027  50.447
20180721 1426 A     86 00EN6  96393    14  93037  39.23586 -103.88122 20112000027  49.979
20180721 1427 A     87 00EN6  97303    14  93037  39.23651 -103.89463 20112000027  49.498
20180721 1428 A     88 00EN6  98213    13  93037  39.23716 -103.90818 20112000027  49.025
20180721 1429 A     89 00EN6  99123    12  93038  39.23781 -103.92194 20112000027  48.549
20180721 1430 A     90 00EN6 100033    12  93038  39.23846 -103.93584 20112000027  48.071
20180721 1431 A     91 00EN6 100943    11  93039  39.23911 -103.94995 20112000027  47.591
20180721 1432 A     92 00EN6 101853    11  93039  39.23976 -103.96420 20112000027  47.111
20180721 1433 A     93 00EN6 102763    10  93040  39.24041 -103.97865 20112000027  46.629
20180721 1434 A     94 00EN6 103673    10  93040  39.24105 -103.99318 20112000027  46.139
20180721 1435 D     95 00EN6 104500     9  93040  39.24170 -104.00771 20112000027  45.664
20180721 1436 D     96 00EN6  94732    15  93036  39.24235 -104.02064 20112000027  45.243
20180721 1437 D     97 00EN6  87206    21  93031  39.24289 -104.03197 20112000027  44.880
20180721 1438 D     98 00EN6  80786    28  92027  39.24327 -104.04163 20112000027  44.574
20180721 1439 D     99 00EN6  75301    38  96023  39.24403 -104.04984 20112000027  44.295
20180721 1440 D    100 00EN6  70561    46 102019  39.24522 -104.05671 20112000027  44.033
20180721 1441 D    101 00EN6  66308    57 105016  39.24641 -104.06241 20112000027  43.815
20180721 1442 D    102 00EN6  62488    68 104013  39.24732 -104.06713 20112000027  43.628
20180721 1443 D    103 00EN6  59020    82  98006  39.24759 -104.06943 20112000027  43.550
20180721 1444 D    104 00EN6  55891    95 341001  39.24727 -104.06929 20112000027  43.574
20180721 1445 D    105 00EN6  53013   111 290007  39.24651 -104.06665 20112000027  43.687
20180721 1446 D    106 00EN6  50347   129 284015  39.24543 -104.06144 20112000027  43.884
20180721 1447 D    107 00EN6  47862   144 283021  39.24408 -104.05393 20112000027  44.171
20180721 1448 D    108 00EN6  45507   162 284025  39.24229 -104.04510 20112000027  44.511
20180721 1449 D    109 00EN6  43265   182 287028  39.23997 -104.03545 20112000027  44.908
20180721 1450 D    110 00EN6  41120   200 289031  39.23716 -104.02496 20112000027  45.347
20180721 1451 D    111 00EN6  39052   220 288032  39.23435 -104.01391 20112000027  45.814
20180721 1452 D    112 00EN6  37058   242 286034  39.23159 -104.00224 20112000027  46.292
20180721 1453 D    113 00EN6  35132   263 285033  39.22922 -103.99084 20112000027  46.747
20180721 1454 D    114 00EN6  33265   286 281030  39.22754 -103.98020 20112000027  47.146
20180721 1455 D    115 00EN6  31458   309 280027  39.22608 -103.97041 20112000027  47.517
20180721 1456 D    116 00EN6  29704   332 283025  39.22435 -103.96144 20112000027  47.874
20180721 1457 D    117 00EN6  27998   357 289021  39.22235 -103.95408 20112000027  48.194
20180721 1458 D    118 00EN6  26340   382 300014  39.22035 -103.94963 20112000027  48.422
20180721 1459 D    119 00EN6  24729   408 318008  39.21851 -103.94755 20112000027  48.570
20180721 1500 D    120 00EN6  23159   434 330005  39.21711 -103.94650 20112000027  48.661
20180721 1501 D    121 00EN6  21627   463 350003  39.21614 -103.94630 20112000027  48.713
20180721 1502 D    122 00EN6  20134   490  12002  39.21544 -103.94650 20112000027  48.741
20180721 1503 D    123 00EN6  18674   519  48002  39.21495 -103.94720 20112000027  48.741
20180721 1504 D    124 00EN6  17246   545  73003  39.21468 -103.94839 20112000027  48.714
20180721 1505 D    125 00EN6  15845   577  87005  39.21462 -103.95033 20112000027  48.651
20180721 1506 D    126 00EN6  14473   605  94007  39.21478 -103.95297 20112000027  48.565
20180721 1507 D    127 00EN6  13126   636  96009  39.21511 -103.95638 20112000027  48.441
20180721 1508 D    128 00EN6  11804   671 100008  39.21554 -103.95936 20112000027  48.333
20180721 1509 D    129 00EN6  10511   699 108005  39.21603 -103.96124 20112000027  48.253
20180721 1510 D    130 00EN6   9240   733 138004  39.21695 -103.96228 20112000027  48.174
20180721 1511 D    131 00EN6   7995   768 178006  39.21867 -103.96235 20112000027  48.095
20180721 1512 D    132 00EN6   6776   800 192009  39.22137 -103.96159 20112000027  48.006
20180721 1513 D    133 00EN6   5579   834 192009  39.22386 -103.96089 20112000027  47.917
20180721 1514 D    134 00EN6   4400   873 191008  39.22629 -103.96026 20112000027  47.825
20180721 1515 D    135 00EN6   3223   909 191008  39.22873 -103.95963 20112000027  47.742
20180721 1516 D    136 00EN6   2046   947 191008  39.23116 -103.95901 20112000027  47.651
20180721 1517 D    137 00EN6    869   987 191008  39.23359 -103.95837 20112000027  47.568
Approximate balloon landing site information...
  date   time elap     htMSL     lat     lon
               min        ft     deg     deg
--------------------------------------------
20180721 1517  137    869.14   39.23 -103.96   approximately    12.2 nmi   W (269) of the launch site
