    date/time P   elap grid   htMSL  pres dirspd     lat      lon       file      dist
                   min   id      ft    mb deg kt     deg      deg                  nmi
_______________________________________________________________________________________
20180728 1245 A      0 00ED6   5205                                   20812000024
20180728 1246 A      1 00ED6   4206   878 352008  39.60818 -104.04108 20812000024  31.113
20180728 1247 A      2 00ED6   5535   838 354009  39.60558 -104.04073 20812000024  31.196
20180728 1248 A      3 00ED6   6864   799 354008  39.60336 -104.04045 20812000024  31.261
20180728 1249 A      4 00ED6   8193   763  20006  39.60163 -104.04129 20812000024  31.256
20180728 1250 A      5 00ED6   9522   724 358006  39.59991 -104.04122 20812000024  31.303
20180728 1251 A      6 00ED6  10851   690 322008  39.59801 -104.03934 20812000024  31.431
20180728 1252 A      7 00ED6  12180   657 306012  39.59596 -104.03570 20812000024  31.633
20180728 1253 A      8 00ED6  13509   626 313015  39.59304 -104.03178 20812000024  31.873
20180728 1254 A      9 00ED6  14838   596 323018  39.58899 -104.02795 20812000024  32.140
20180728 1255 A     10 00ED6  16167   567 324022  39.58396 -104.02334 20812000024  32.454
20180728 1256 A     11 00ED6  17496   539 322026  39.57818 -104.01768 20812000024  32.842
20180728 1257 A     12 00ED6  18825   512 318029  39.57202 -104.01056 20812000024  33.305
20180728 1258 A     13 00ED6  20154   486 314032  39.56570 -104.00211 20812000024  33.811
20180728 1259 A     14 00ED6  21483   462 310035  39.55943 -103.99247 20812000024  34.385
20180728 1300 A     15 00ED6  22812   435 306036  39.55338 -103.98179 20812000024  34.987
20180728 1301 A     16 00ED6  24141   412 303037  39.54760 -103.97041 20812000024  35.607
20180728 1302 A     17 00ED6  25470   391 300038  39.54219 -103.95834 20812000024  36.253
20180728 1303 A     18 00ED6  26799   370 296040  39.53717 -103.94550 20812000024  36.929
20180728 1304 A     19 00ED6  28128   349 293041  39.53252 -103.93188 20812000024  37.609
20180728 1305 A     20 00ED6  29457   331 292044  39.52782 -103.91722 20812000024  38.341
20180728 1306 A     21 00ED6  30786   313 291047  39.52301 -103.90145 20812000024  39.122
20180728 1307 A     22 00ED6  32115   295 291050  39.51793 -103.88464 20812000024  39.954
20180728 1308 A     23 00ED6  33444   279 292054  39.51215 -103.86671 20812000024  40.850
20180728 1309 A     24 00ED6  34773   262 293057  39.50566 -103.84773 20812000024  41.820
20180728 1310 A     25 00ED6  36102   245 294062  39.49837 -103.82737 20812000024  42.857
20180728 1311 A     26 00EN6  37431   232 297068  39.48956 -103.80560 20812000024  43.992
20180728 1312 A     27 00EN6  38760   219 297073  39.48010 -103.78224 20812000024  45.212
20180728 1313 A     28 00EN6  40089   205 297078  39.47000 -103.75728 20812000024  46.517
20180728 1314 A     29 00EN6  41418   193 296078  39.46016 -103.73224 20812000024  47.823
20180728 1315 A     30 00EN6  42747   182 295074  39.45119 -103.70811 20812000024  49.060
20180728 1316 A     31 00EN6  44076   171 294070  39.44314 -103.68491 20812000024  50.239
20180728 1317 A     32 00EN6  45405   160 292067  39.43600 -103.66261 20812000024  51.352
20180728 1318 A     33 00EN6  46734   149 290063  39.42973 -103.64135 20812000024  52.401
20180728 1319 A     34 00EN6  48063   141 291055  39.42411 -103.62288 20812000024  53.322
20180728 1320 A     35 00EN6  49392   132 292046  39.41925 -103.60755 20812000024  54.088
20180728 1321 A     36 00EN6  50721   124 293038  39.41508 -103.59501 20812000024  54.714
20180728 1322 A     37 00EN6  51631   119 293033  39.41136 -103.58414 20812000024  55.267
20180728 1323 A     38 00EN6  52541   112 295027  39.40812 -103.57536 20812000024  55.716
20180728 1324 A     39 00EN6  53451   107 297022  39.40530 -103.56833 20812000024  56.084
20180728 1325 A     40 00EN6  54361   101 301016  39.40298 -103.56339 20812000024  56.356
20180728 1326 A     41 00EN6  55271    97 303013  39.40093 -103.55934 20812000024  56.575
20180728 1327 A     42 00EN6  56181    93 303011  39.39915 -103.55586 20812000024  56.764
20180728 1328 A     43 00EN6  57091    89 304009  39.39758 -103.55293 20812000024  56.930
20180728 1329 A     44 00EN6  58001    86 305008  39.39623 -103.55050 20812000024  57.067
20180728 1330 A     45 00EN6  58911    81 307006  39.39510 -103.54862 20812000024  57.178
20180728 1331 A     46 00EN6  59821    78 302007  39.39396 -103.54632 20812000027  57.300
20180728 1332 A     47 00EN6  60731    74 311006  39.39272 -103.54451 20812000027  57.406
20180728 1333 A     48 00EN6  61641    70 320006  39.39142 -103.54311 20812000027  57.501
20180728 1334 A     49 00EN6  62551    67 334004  39.39018 -103.54235 20812000027  57.563
20180728 1335 A     50 00EN6  63461    65 352004  39.38899 -103.54214 20812000027  57.604
20180728 1336 A     51 00EN6  64371    62  18004  39.38786 -103.54263 20812000027  57.618
20180728 1337 A     52 00EN6  65281    60  36004  39.38678 -103.54367 20812000027  57.602
20180728 1338 A     53 00EN6  66191    57  51005  39.38575 -103.54534 20812000027  57.563
20180728 1339 A     54 00EN6  67101    54  62007  39.38477 -103.54771 20812000027  57.489
20180728 1340 A     55 00EN6  68011    52  67008  39.38385 -103.55064 20812000027  57.394
20180728 1341 A     56 00EN6  68921    49  73010  39.38305 -103.55418 20812000027  57.268
20180728 1342 A     57 00EN6  69831    48  76010  39.38234 -103.55795 20812000027  57.130
20180728 1343 A     58 00EN6  70741    46  79011  39.38175 -103.56192 20812000027  56.987
20180728 1344 A     59 00EN6  71651    44  81011  39.38126 -103.56610 20812000027  56.830
20180728 1345 A     60 00EN6  72561    42  84012  39.38094 -103.57056 20812000027  56.652
20180728 1346 A     61 00EN6  73471    41  86013  39.38072 -103.57523 20812000027  56.469
20180728 1347 A     62 00EN6  74381    39  89013  39.38067 -103.58017 20812000027  56.264
20180728 1348 A     63 00EN6  75291    37  90014  39.38072 -103.58532 20812000027  56.055
20180728 1349 A     64 00EN6  76201    36  92014  39.38089 -103.59068 20812000027  55.825
20180728 1350 A     65 00EN6  77111    34  94015  39.38121 -103.59632 20812000027  55.588
20180728 1351 A     66 00EN6  78021    32  95016  39.38164 -103.60217 20812000027  55.338
20180728 1352 A     67 00EN6  78931    30  96017  39.38218 -103.60829 20812000027  55.074
20180728 1353 A     68 00EN6  79841    29  96018  39.38278 -103.61470 20812000027  54.791
20180728 1354 A     69 00EN6  80751    28  95018  39.38326 -103.62146 20812000027  54.508
20180728 1355 A     70 00EN6  81661    27  94019  39.38369 -103.62856 20812000027  54.200
20180728 1356 A     71 00EN6  82571    26  93021  39.38402 -103.63608 20812000027  53.888
20180728 1357 A     72 00EN6  83481    25  92021  39.38424 -103.64395 20812000027  53.560
20180728 1358 A     73 00EN6  84391    24  91023  39.38440 -103.65224 20812000027  53.222
20180728 1359 A     74 00EN6  85301    23  90023  39.38445 -103.66080 20812000027  52.877
20180728 1400 A     75 00EN6  86211    22  89025  39.38440 -103.66978 20812000027  52.513
20180728 1401 A     76 00EN6  87121    21  89026  39.38428 -103.67918 20812000027  52.141
20180728 1402 A     77 00EN6  88031    20  88027  39.38407 -103.68893 20812000027  51.749
20180728 1403 A     78 00EN6  88941    19  88027  39.38391 -103.69895 20812000027  51.358
20180728 1404 A     79 00EN6  89851    18  89028  39.38380 -103.70919 20812000027  50.946
20180728 1405 A     80 00EN6  90761    18  89029  39.38380 -103.71964 20812000027  50.530
20180728 1406 A     81 00EN6  91671    17  90029  39.38385 -103.73029 20812000027  50.108
20180728 1407 A     82 00EN6  92581    17  91030  39.38402 -103.74123 20812000027  49.673
20180728 1408 A     83 00EN6  93491    16  91031  39.38423 -103.75237 20812000027  49.224
20180728 1409 A     84 00EN6  94401    15  91031  39.38450 -103.76379 20812000027  48.766
20180728 1410 A     85 00EN6  95311    15  92032  39.38488 -103.77541 20812000027  48.296
20180728 1411 A     86 00EN6  96221    14  92033  39.38531 -103.78725 20812000027  47.821
20180728 1412 A     87 00EN6  97131    14  92033  39.38580 -103.79937 20812000027  47.330
20180728 1413 A     88 00EN6  98041    13  93034  39.38639 -103.81170 20812000027  46.837
20180728 1414 A     89 00EN6  98951    12  93035  39.38704 -103.82423 20812000027  46.330
20180728 1415 A     90 00EN6  99861    12  94035  39.38774 -103.83698 20812000027  45.818
20180728 1416 A     91 00EN6 100771    11  94036  39.38855 -103.85000 20812000027  45.293
20180728 1417 A     92 00EN6 101681    11  94037  39.38942 -103.86324 20812000027  44.754
20180728 1418 A     93 00EN6 102591    10  95037  39.39039 -103.87674 20812000027  44.210
20180728 1419 A     94 00EN6 103501    10  95038  39.39137 -103.89032 20812000027  43.655
20180728 1420 A     95 00EN6 104411     9  95038  39.39234 -103.90390 20812000027  43.113
20180728 1421 A     96 00EN6 105321     9  95038  39.39331 -103.91748 20812000027  42.574
20180728 1422 A     97 00EN6 106231     8  95038  39.39429 -103.93105 20812000027  42.037
20180728 1423 D     98 00EN6 106900     8  95038  39.39526 -103.94464 20812000027  41.491
20180728 1424 D     99 00EN6  98954    12  93035  39.39591 -103.95718 20812000027  41.015
20180728 1425 D    100 00EN6  92467    17  90030  39.39602 -103.96805 20812000027  40.611
20180728 1426 D    101 00EN6  86895    21  89025  39.39591 -103.97731 20812000027  40.282
20180728 1427 D    102 00EN6  81944    27  93020  39.39629 -103.98456 20812000027  40.003
20180728 1428 D    103 00EN6  77562    33  94015  39.39667 -103.99026 20812000027  39.780
20180728 1429 D    104 00EN6  73646    41  86013  39.39645 -103.99500 20812000027  39.622
20180728 1430 D    105 00EN6  70114    47  77010  39.39580 -103.99883 20812000027  39.511
20180728 1431 D    106 00EN6  66840    55  59006  39.39483 -104.00099 20812000027  39.468
20180728 1432 D    107 00EN6  63829    64   5004  39.39364 -104.00113 20812000027  39.510
20180728 1433 D    108 00EN6  61040    73 313006  39.39240 -103.99945 20812000027  39.614
20180728 1434 D    109 00EN6  58442    84 294008  39.39137 -103.99653 20812000027  39.761
20180728 1435 D    110 00EN6  56031    94 284011  39.39056 -103.99242 20812000027  39.937
20180728 1436 D    111 00EN6  53763   106 285019  39.38910 -103.98573 20812000027  40.232
20180728 1437 D    112 00EN6  51625   119 290032  39.38602 -103.97486 20812000027  40.738
20180728 1438 D    113 00EN6  49603   131 291044  39.38143 -103.96017 20812000027  41.446
20180728 1439 D    114 00EN6  47671   143 292056  39.37532 -103.94158 20812000027  42.347
20180728 1440 D    115 00EN6  45819   156 294064  39.36797 -103.92035 20812000027  43.386
20180728 1441 D    116 00EN6  44036   171 295070  39.35949 -103.89772 20812000027  44.524
20180728 1442 D    117 00EN6  42324   185 297074  39.35003 -103.87384 20812000027  45.757
20180728 1443 D    118 00EN6  40667   200 298079  39.33949 -103.84864 20812000027  47.064
20180728 1444 D    119 00EN6  39065   216 299076  39.32901 -103.82470 20812000027  48.333
20180728 1445 D    120 00EN6  37510   233 300073  39.31863 -103.80222 20812000027  49.539
20180728 1446 D    121 00EN6  36004   248 302069  39.30831 -103.78101 20812000027  50.700
20180728 1447 D    122 00EN6  34536   266 303065  39.29815 -103.76152 20812000027  51.788
20180728 1448 D    123 00EN6  33109   284 306061  39.28810 -103.74385 20812000027  52.801
20180728 1449 D    124 00EN6  31719   300 308057  39.27821 -103.72786 20812000027  53.754
20180728 1450 D    125 00EN6  30359   318 307050  39.26962 -103.71360 20812000027  54.595
20180728 1451 D    126 00EN6  29030   339 306042  39.26248 -103.70129 20812000027  55.307
20180728 1452 D    127 00EN6  27732   356 306038  39.25621 -103.69032 20812000027  55.944
20180728 1453 D    128 00EN6  26457   376 308034  39.25026 -103.68065 20812000027  56.516
20180728 1454 D    129 00EN6  25211   397 311030  39.24459 -103.67231 20812000027  57.029
20180728 1455 D    130 00EN6  23991   416 313029  39.23891 -103.66467 20812000027  57.516
20180728 1456 D    131 00EN6  22794   439 316028  39.23318 -103.65771 20812000027  57.982
20180728 1457 D    132 00EN6  21621   460 318027  39.22751 -103.65125 20812000027  58.424
20180728 1458 D    133 00EN6  20471   481 319026  39.22200 -103.64513 20812000027  58.855
20180728 1459 D    134 00EN6  19341   503 319024  39.21675 -103.63944 20812000027  59.255
20180728 1500 D    135 00EN6  18230   524 318022  39.21200 -103.63409 20812000027  59.624
20180728 1501 D    136 00EN6  17137   547 317020  39.20778 -103.62916 20812000027  59.958
20180728 1502 D    137 00EN6  16062   572 317017  39.20416 -103.62486 20812000027  60.254
20180728 1503 D    138 00EN6  15004   594 317015  39.20103 -103.62110 20812000027  60.504
20180728 1504 D    139 00EN6  13961   616 313014  39.19827 -103.61736 20812000027  60.740
20180728 1505 D    140 00EN6  12932   643 307014  39.19584 -103.61332 20812000027  60.979
20180728 1506 D    141 00EN6  11918   667 311012  39.19357 -103.61005 20812000027  61.187
20180728 1507 D    142 00EN6  10919   691 322009  39.19141 -103.60790 20812000027  61.342
20180728 1508 D    143 00EN6   9932   716 342007  39.18935 -103.60707 20812000027  61.449
20180728 1509 D    144 00EN6   8959   742  12006  39.18746 -103.60763 20812000027  61.495
20180728 1510 D    145 00EN6   8000   769 360008  39.18498 -103.60763 20812000027  61.593
20180728 1511 D    146 00EN6   7055   791 345012  39.18173 -103.60651 20812000027  61.751
20180728 1512 D    147 00EN6   6122   820 341012  39.17849 -103.60513 20812000027  61.919
20180728 1513 D    148 00EN6   5202   848 341010  39.17568 -103.60394 20812000027  62.066
20180728 1514 D    149 00EN6   4292   874 341010  39.17287 -103.60276 20812000027  62.214
20180728 1515 D    150 00EN6   3382   904 341010  39.17006 -103.60158 20812000027  62.362
20180728 1516 D    151 00EN6   2472   931 341010  39.16725 -103.60040 20812000027  62.509
20180728 1517 D    152 00EN6   1562   965 341010  39.16444 -103.59922 20812000027  62.664
20180728 1518 D    153 00EN6    652   999 341010  39.16162 -103.59804 20812000027  62.811
Approximate balloon landing site information...
  date   time elap     htMSL     lat     lon
               min        ft     deg     deg
--------------------------------------------
20180728 1518  153    652.86   39.16 -103.60   approximately    33.9 nmi  SE (135) of the launch site
