    date/time P   elap grid   htMSL  pres dirspd     lat      lon       file      dist
                   min   id      ft    mb deg kt     deg      deg                  nmi
_______________________________________________________________________________________
20181104 1400 A      0 00ED6   5205                                   30712000027
20181104 1401 A      1 00ED6   6534   801 244007  39.61147 -104.03891 30712000027  31.133
20181104 1402 A      2 00ED6   7863   762 270007  39.61147 -104.03605 30712000027  31.255
20181104 1403 A      3 00ED6   9192   721 298013  39.60969 -104.03185 30712000027  31.473
20181104 1404 A      4 00ED6  10521   685 309020  39.60612 -104.02634 30712000027  31.787
20181104 1405 A      5 00ED6  11850   651 316026  39.60088 -104.01984 30712000027  32.191
20181104 1406 A      6 00ED6  13179   618 312028  39.59558 -104.01237 30712000027  32.634
20181104 1407 A      7 00ED6  14508   587 311031  39.58986 -104.00392 30712000027  33.126
20181104 1408 A      8 00ED6  15837   556 313035  39.58310 -103.99456 30712000027  33.681
20181104 1409 A      9 00ED6  17166   528 316039  39.57516 -103.98486 30712000027  34.291
20181104 1410 A     10 00ED6  18495   500 320042  39.56603 -103.97501 30712000027  34.932
20181104 1411 A     11 00ED6  19824   475 320044  39.55651 -103.96481 30712000027  35.615
20181104 1412 A     12 00ED6  21153   449 320046  39.54663 -103.95427 30712000027  36.302
20181104 1413 A     13 00ED6  22482   423 319047  39.53658 -103.94331 30712000027  37.030
20181104 1414 A     14 00ED6  23811   400 319048  39.52631 -103.93193 30712000027  37.777
20181104 1415 A     15 00ED6  25140   379 317052  39.51550 -103.91909 30712000027  38.609
20181104 1416 A     16 00ED6  26469   358 315057  39.50420 -103.90472 30712000027  39.510
20181104 1417 A     17 00ED6  27798   338 315061  39.49199 -103.88902 30712000027  40.493
20181104 1418 A     18 00EN6  29127   321 312064  39.47983 -103.87186 30712000027  41.548
20181104 1419 A     19 00EN6  30456   302 313069  39.46648 -103.85401 30712000027  42.655
20181104 1420 A     20 00EN6  31785   285 316071  39.45200 -103.83630 30712000027  43.804
20181104 1421 A     21 00EN6  33114   268 318073  39.43649 -103.81888 30712000027  44.964
20181104 1422 A     22 00EN6  34443   252 321076  39.41990 -103.80167 30712000027  46.163
20181104 1423 A     23 00EN6  35772   236 324080  39.40174 -103.78487 30712000027  47.394
20181104 1424 A     24 00EN6  37101   222 327084  39.38212 -103.76849 30712000027  48.660
20181104 1425 A     25 00EN6  38430   207 329087  39.36104 -103.75255 30712000027  49.963
20181104 1426 A     26 00EN6  39759   195 330086  39.34002 -103.73724 30712000027  51.249
20181104 1427 A     27 00EN6  41088   184 329079  39.32094 -103.72283 30712000027  52.446
20181104 1428 A     28 00EN6  42417   172 328072  39.30381 -103.70934 30712000027  53.550
20181104 1429 A     29 00EN6  43746   161 327064  39.28862 -103.69675 30712000027  54.549
20181104 1430 A     30 00EN6  45075   150 325057  39.27538 -103.68506 30712000027  55.454
20181104 1431 A     31 00EN6  46404   142 324053  39.26322 -103.67400 30712000027  56.299
20181104 1432 A     32 00EN6  47733   134 323049  39.25209 -103.66351 30712000027  57.085
20181104 1433 A     33 00EN6  49062   125 322045  39.24209 -103.65363 30712000027  57.814
20181104 1434 A     34 00EN6  50391   117 321041  39.23312 -103.64432 30712000027  58.478
20181104 1435 A     35 00EN6  51301   112 320039  39.22479 -103.63535 30712000027  59.112
20181104 1436 A     36 00EN6  52211   106 318036  39.21728 -103.62681 30712000027  59.705
20181104 1437 A     37 00EN6  53121   102 317033  39.21041 -103.61868 30712000027  60.253
20181104 1438 A     38 00EN6  54031    97 316031  39.20409 -103.61097 30712000027  60.767
20181104 1439 A     39 00EN6  54941    93 315029  39.19820 -103.60361 30712000027  61.255
20181104 1440 A     40 00EN6  55851    89 315027  39.19275 -103.59666 30712000027  61.707
20181104 1441 A     41 00EN6  56761    85 314025  39.18777 -103.59013 30712000027  62.134
20181104 1442 A     42 00EN6  57671    82 313023  39.18318 -103.58395 30712000027  62.525
20181104 1443 A     43 00EN6  58581    78 312021  39.17907 -103.57819 30712000027  62.892
20181104 1444 A     44 00EN6  59491    75 311020  39.17534 -103.57277 30712000027  63.224
20181104 1445 A     45 00EN6  60401    70 309018  39.17210 -103.56777 30712000027  63.531
20181104 1446 A     46 00EN6  61311    68 308017  39.16912 -103.56298 30712000027  63.812
20181104 1447 A     47 00EN6  62221    65 307016  39.16637 -103.55840 30712000027  64.085
20181104 1448 A     48 00EN6  63131    63 307015  39.16377 -103.55403 30712000027  64.339
20181104 1449 A     49 00EN6  64041    60 306014  39.16140 -103.54993 30712000027  64.579
20181104 1450 A     50 00EN6  64951    57 305013  39.15918 -103.54597 30712000027  64.805
20181104 1451 A     51 00EN6  65861    54 304012  39.15718 -103.54230 30712000027  65.011
20181104 1452 A     52 00EN6  66771    52 303011  39.15540 -103.53883 30712000027  65.206
20181104 1453 A     53 00EN6  67681    49 301010  39.15383 -103.53549 30712000027  65.386
20181104 1454 A     54 00EN6  68591    47 295010  39.15253 -103.53202 30712000027  65.564
20181104 1455 A     55 00EN6  69501    46 291010  39.15145 -103.52842 30712000027  65.731
20181104 1456 A     56 00EN6  70411    44 284010  39.15069 -103.52467 30712000027  65.903
20181104 1457 A     57 00EN6  71321    42 280011  39.15015 -103.52078 30712000027  66.063
20181104 1458 A     58 00EN6  72231    40 274011  39.14988 -103.51675 30712000027  66.219
20181104 1459 A     59 00EN6  73141    39 270011  39.14988 -103.51259 30712000027  66.374
20181104 1500 A     60 00EN6  74051    37 265012  39.15015 -103.50829 30712000027  66.526
20181104 1501 A     61 00EN6  74961    35 261012  39.15069 -103.50385 30712000027  66.675
20181104 1502 A     62 00EN6  75871    34 257013  39.15150 -103.49927 30712000027  66.815
20181104 1503 A     63 00EN7  76781    32 252015  39.15285 -103.49385 30712000027  66.969
20181104 1504 A     64 00EN7  77691    30 250016  39.15437 -103.48823 30712000027  67.122
20181104 1505 A     65 00EN7  78601    29 251017  39.15593 -103.48232 30712000027  67.287
20181104 1506 A     66 00EN7  79511    28 252018  39.15750 -103.47607 30712000027  67.466
20181104 1507 A     67 00EN7  80421    27 253019  39.15907 -103.46947 30712000027  67.659
20181104 1508 A     68 00EN7  81331    26 254019  39.16058 -103.46261 30712000027  67.869
20181104 1509 A     69 00EN7  82241    24 255021  39.16209 -103.45532 30712000027  68.089
20181104 1510 A     70 00EN7  83151    23 256021  39.16355 -103.44775 30712000027  68.327
20181104 1511 A     71 00EN7  84061    22 256022  39.16501 -103.43983 30712000027  68.578
20181104 1512 A     72 00EN7  84971    21 257023  39.16641 -103.43157 30712000027  68.851
20181104 1513 A     73 00EN7  85881    20 258024  39.16782 -103.42297 30712000027  69.130
20181104 1514 A     74 00EN7  86791    19 258025  39.16922 -103.41408 30712000027  69.422
20181104 1515 A     75 00EN7  87701    19 258025  39.17068 -103.40505 30712000027  69.721
20181104 1516 A     76 00EN7  88611    18 257026  39.17225 -103.39589 30712000027  70.022
20181104 1517 A     77 00EN7  89521    17 257026  39.17387 -103.38659 30712000027  70.330
20181104 1518 A     78 00EN7  90431    17 257027  39.17554 -103.37714 30712000027  70.646
20181104 1519 A     79 00EN7  91341    16 256027  39.17727 -103.36756 30712000027  70.959
20181104 1520 A     80 00EN7  92251    15 256028  39.17905 -103.35777 30712000027  71.288
20181104 1521 A     81 00EN7  93161    15 256028  39.18089 -103.34784 30712000027  71.618
20181104 1522 A     82 00EN7  94071    14 256028  39.18279 -103.33777 30712000027  71.950
20181104 1523 A     83 00EN7  94981    14 255029  39.18479 -103.32756 30712000027  72.291
20181104 1524 A     84 00EN7  95891    13 255029  39.18684 -103.31721 30712000027  72.635
20181104 1525 A     85 00EN7  96801    12 255030  39.18895 -103.30666 30712000027  72.989
20181104 1526 A     86 00EN7  97711    12 255030  39.19111 -103.29597 30712000027  73.345
20181104 1527 A     87 00EN7  98621    11 255031  39.19333 -103.28513 30712000027  73.710
20181104 1528 A     88 00EN7  99531    11 255031  39.19559 -103.27415 30712000027  74.082
20181104 1529 A     89 00EN7 100441    11 254032  39.19792 -103.26305 30712000027  74.458
20181104 1530 A     90 00EN7 101351    11 254032  39.20024 -103.25193 30712000027  74.836
20181104 1531 A     91 00EN7 102261    10 254032  39.20256 -103.24081 30712000027  75.215
20181104 1532 D     92 00EN7 102500    10 254032  39.20488 -103.22971 30712000027  75.596
20181104 1533 D     93 00EN7  94435    14 256029  39.20683 -103.21956 30712000027  75.949
20181104 1534 D     94 00EN7  87600    19 258025  39.20829 -103.21053 30712000027  76.279
20181104 1535 D     95 00EN7  81671    25 254020  39.20980 -103.20351 30712000027  76.517
20181104 1536 D     96 00EN7  76584    32 253015  39.21104 -103.19817 30712000027  76.700
20181104 1537 D     97 00EN7  72088    41 266012  39.21126 -103.19379 30712000027  76.872
20181104 1538 D     98 00EN7  68091    48 284010  39.21056 -103.19032 30712000027  77.036
20181104 1539 D     99 00EN7  64424    59 297013  39.20883 -103.18608 30712000027  77.258
20181104 1540 D    100 00EN7  61094    68 303017  39.20618 -103.18094 30712000027  77.547
20181104 1541 D    101 00EN7  58005    81 308022  39.20224 -103.17462 30712000027  77.918
20181104 1542 D    102 00EN7  55156    92 311027  39.19711 -103.16719 30712000027  78.364
20181104 1543 D    103 00EN7  52484   105 315033  39.19046 -103.15865 30712000027  78.904
20181104 1544 D    104 00EN7  49985   120 318040  39.18197 -103.14913 30712000027  79.536
20181104 1545 D    105 00EN7  47644   134 321046  39.17175 -103.13871 30712000027  80.259
20181104 1546 D    106 00EN7  45427   148 323053  39.15981 -103.12746 30712000027  81.064
20181104 1547 D    107 00EN7  43317   163 326061  39.14560 -103.11531 30712000027  81.979
20181104 1548 D    108 00EN7  41309   181 328071  39.12873 -103.10213 30712000027  83.014
20181104 1549 D    109 00EN7  39401   197 330079  39.10966 -103.08810 30712000027  84.156
20181104 1550 D    110 00EN7  37566   215 327081  39.09058 -103.07271 30712000027  85.358
20181104 1551 D    111 00EN7  35805   235 324081  39.07204 -103.05592 30712000027  86.599
20181104 1552 D    112 00EN7  34110   255 321081  39.05416 -103.03796 30712000027  87.873
20181104 1553 D    113 00EN7  32472   276 320079  39.03713 -103.01974 30712000027  89.135
20181104 1554 D    114 00EN7  30882   294 318078  39.02086 -103.00130 30712000027  90.382
20181104 1555 D    115 00EN7  29329   317 318072  39.00584 -102.98426 30712000027  91.537
20181104 1556 D    116 00EN7  27820   338 319065  38.99205 -102.96896 30712000027  92.580
20181104 1557 D    117 00EN7  26348   361 319060  38.97935 -102.95496 30712000027  93.542
20181104 1558 D    118 00EN7  24911   384 319056  38.96740 -102.94174 30712000027  94.446
20181104 1559 D    119 00EN7  23510   406 319054  38.95589 -102.92921 30712000027  95.317
20181104 1600 D    120 00EN7  22138   432 321053  38.94422 -102.91717 30712000027  96.170
20181104 1601 D    121 00EN7  20799   456 322052  38.93260 -102.90568 30712000027  97.002
20181104 1602 D    122 00EN7  19489   481 323049  38.92163 -102.89516 30712000027  97.772
20181104 1603 D    123 00EN7  18209   504 323045  38.91136 -102.88548 30712000027  98.492
20181104 1604 D    124 00EN7  16954   532 322040  38.90250 -102.87676 30712000027  99.125
20181104 1605 D    125 00EN7  15730   560 320034  38.89509 -102.86888 30712000027  99.677
20181104 1606 D    126 00EN7  14535   587 316029  38.88914 -102.86155 30712000027 100.164
20181104 1607 D    127 00EN7  13366   615 312025  38.88439 -102.85491 30712000027 100.580
20181104 1608 D    128 00EN7  12220   643 310021  38.88050 -102.84917 30712000027 100.930
20181104 1609 D    129 00EN7  11095   673 305017  38.87769 -102.84406 30712000027 101.223
20181104 1610 D    130 00EN7   9989   703 296014  38.87590 -102.83942 30712000027 101.465
20181104 1611 D    131 00EN7   8902   731 285014  38.87482 -102.83445 30712000027 101.690
20181104 1612 D    132 00EN7   7829   763 262016  38.87542 -102.82878 30712000027 101.892
20181104 1613 D    133 00EN7   6775   792 239022  38.87850 -102.82201 30712000027 102.052
20181104 1614 D    134 00EN7   5738   828 233018  38.88147 -102.81682 30712000027 102.150
20181104 1615 D    135 00EN7   4721   859 230013  38.88390 -102.81308 30712000027 102.216
20181104 1616 D    136 00EN7   3709   891 229013  38.88633 -102.80942 30712000027 102.279
20181104 1617 D    137 00EN7   2697   924 229013  38.88871 -102.80582 30712000027 102.339
20181104 1618 D    138 00EN7   1685   958 230013  38.89109 -102.80215 30712000027 102.403
Approximate balloon landing site information...
  date   time elap     htMSL     lat     lon
               min        ft     deg     deg
--------------------------------------------
20181104 1618  138   1685.25   38.89 -102.80   approximately    71.9 nmi ESE (120) of the launch site
