    date/time P   elap grid   htMSL  pres dirspd     lat      lon       file      dist
                   min   id      ft    mb deg kt     deg      deg                  nmi
_______________________________________________________________________________________
20181110 1400 A      0 00E35   4835                                   31312000027
20181110 1401 A      1 00E35   3836   883 265012  40.52694 -104.71910 31312000027  42.941
20181110 1402 A      2 00E35   5165   840 265012  40.52721 -104.71450 31312000027  42.945
20181110 1403 A      3 00E35   6494   800 267014  40.52742 -104.70905 31312000027  42.943
20181110 1404 A      4 00E35   7823   761 276034  40.52634 -104.69672 31312000027  42.851
20181110 1405 A      5 00E35   9152   724 283044  40.52353 -104.68087 31312000027  42.665
20181110 1406 A      6 00E35  10481   688 288049  40.51926 -104.66366 31312000027  42.397
20181110 1407 A      7 00E35  11810   654 289049  40.51461 -104.64652 31312000027  42.126
20181110 1408 A      8 00E35  13139   617 287049  40.51046 -104.62946 31312000027  41.896
20181110 1409 A      9 00E35  14468   586 286048  40.50673 -104.61261 31312000027  41.704
20181110 1410 A     10 00E35  15797   556 285047  40.50332 -104.59605 31312000027  41.546
20181110 1411 A     11 00E35  17126   527 282046  40.50040 -104.57941 31312000027  41.429
20181110 1412 A     12 00E35  18455   499 280047  40.49797 -104.56250 31312000027  41.368
20181110 1413 A     13 00ED5  19784   475 286042  40.49467 -104.54756 31312000027  41.254
20181110 1414 A     14 00ED5  21113   450 283043  40.49192 -104.53214 31312000027  41.177
20181110 1415 A     15 00ED5  22442   426 279045  40.48976 -104.51592 31312000027  41.169
20181110 1416 A     16 00ED5  23771   403 276046  40.48819 -104.49894 31312000027  41.208
20181110 1417 A     17 00ED6  25100   378 273052  40.48722 -104.47990 31312000027  41.320
20181110 1418 A     18 00ED6  26429   356 271055  40.48689 -104.45973 31312000027  41.494
20181110 1419 A     19 00ED6  27758   336 270057  40.48684 -104.43864 31312000027  41.714
20181110 1420 A     20 00ED6  29087   317 269060  40.48695 -104.41670 31312000027  41.981
20181110 1421 A     21 00ED6  30416   298 269062  40.48716 -104.39398 31312000027  42.282
20181110 1422 A     22 00ED6  31745   281 269063  40.48743 -104.37070 31312000027  42.619
20181110 1423 A     23 00ED6  33074   264 268065  40.48776 -104.34685 31312000027  42.983
20181110 1424 A     24 00ED6  34403   248 269067  40.48808 -104.32236 31312000027  43.393
20181110 1425 A     25 00ED6  35732   233 269070  40.48814 -104.29675 31312000027  43.832
20181110 1426 A     26 00ED6  37061   219 270073  40.48792 -104.26999 31312000027  44.302
20181110 1427 A     27 00ED6  38390   203 271076  40.48744 -104.24197 31312000027  44.811
20181110 1428 A     28 00ED6  39719   191 272077  40.48641 -104.21387 31312000027  45.324
20181110 1429 A     29 00ED6  41048   180 274076  40.48484 -104.18606 31312000027  45.831
20181110 1430 A     30 00ED6  42377   169 275075  40.48268 -104.15860 31312000027  46.325
20181110 1431 A     31 00ED6  43706   158 277075  40.47992 -104.13143 31312000027  46.817
20181110 1432 A     32 00ED6  45035   148 278073  40.47679 -104.10490 31312000027  47.308
20181110 1433 A     33 00ED6  46364   140 278069  40.47392 -104.07992 31312000027  47.790
20181110 1434 A     34 00ED6  47693   132 278064  40.47138 -104.05650 31312000027  48.273
20181110 1435 A     35 00ED6  49022   124 277060  40.46911 -104.03464 31312000027  48.746
20181110 1436 A     36 00ED6  50351   116 277056  40.46711 -104.01433 31312000027  49.205
20181110 1437 A     37 00ED6  51261   110 276053  40.46533 -103.99516 31312000027  49.654
20181110 1438 A     38 00ED6  52171   104 276049  40.46376 -103.97719 31312000027  50.090
20181110 1439 A     39 00ED6  53081   100 276047  40.46236 -103.96014 31312000027  50.521
20181110 1440 A     40 00ED6  53991    95 277046  40.46074 -103.94337 31312000027  50.935
20181110 1441 A     41 00ED6  54901    92 278046  40.45890 -103.92674 31312000027  51.345
20181110 1442 A     42 00ED6  55811    88 279045  40.45679 -103.91033 31312000027  51.752
20181110 1443 A     43 00ED6  56721    85 280045  40.45447 -103.89413 31312000027  52.143
20181110 1444 A     44 00ED6  57631    80 281044  40.45188 -103.87815 31312000027  52.531
20181110 1445 A     45 00ED6  58541    77 283044  40.44907 -103.86238 31312000027  52.904
20181110 1446 A     46 00ED6  59451    73 284044  40.44599 -103.84682 31312000027  53.274
20181110 1447 A     47 00ED6  60361    69 285043  40.44269 -103.83147 31312000027  53.627
20181110 1448 A     48 00ED6  61271    67 287041  40.43918 -103.81718 31312000027  53.945
20181110 1449 A     49 00ED6  62181    64 290038  40.43540 -103.80396 31312000027  54.231
20181110 1450 A     50 00ED6  63091    61 292036  40.43140 -103.79158 31312000027  54.478
20181110 1451 A     51 00ED6  64001    58 296034  40.42713 -103.78034 31312000027  54.689
20181110 1452 A     52 00ED6  64911    56 299032  40.42265 -103.76994 31312000027  54.859
20181110 1453 A     53 00ED6  65821    53 303030  40.41789 -103.76061 31312000027  54.993
20181110 1454 A     54 00ED6  66731    51 307029  40.41292 -103.75220 31312000027  55.084
20181110 1455 A     55 00ED6  67641    48 310028  40.40779 -103.74443 31312000027  55.161
20181110 1456 A     56 00ED6  68551    47 313027  40.40255 -103.73708 31312000027  55.218
20181110 1457 A     57 00ED6  69461    45 315027  40.39720 -103.73016 31312000027  55.255
20181110 1458 A     58 00ED6  70371    43 317026  40.39174 -103.72365 31312000027  55.281
20181110 1459 A     59 00ED6  71281    41 320026  40.38617 -103.71757 31312000027  55.295
20181110 1500 A     60 00ED6  72191    40 323025  40.38044 -103.71199 31312000027  55.281
20181110 1501 A     61 00ED6  73101    38 325025  40.37461 -103.70676 31312000027  55.258
20181110 1502 A     62 00ED6  74011    36 328025  40.36867 -103.70196 31312000027  55.222
20181110 1503 A     63 00ED6  74921    34 331024  40.36261 -103.69758 31312000027  55.164
20181110 1504 A     64 00ED6  75831    33 333024  40.35645 -103.69363 31312000027  55.087
20181110 1505 A     65 00ED6  76741    31 336024  40.35019 -103.69003 31312000027  55.005
20181110 1506 A     66 00ED6  77651    29 339024  40.34376 -103.68685 31312000027  54.899
20181110 1507 A     67 00ED6  78561    28 341024  40.33727 -103.68395 31312000027  54.781
20181110 1508 A     68 00ED6  79471    27 343024  40.33063 -103.68141 31312000027  54.656
20181110 1509 A     69 00ED6  80381    26 345025  40.32387 -103.67915 31312000027  54.514
20181110 1510 A     70 00ED6  81291    25 347025  40.31701 -103.67718 31312000027  54.363
20181110 1511 A     71 00ED6  82201    24 349025  40.31004 -103.67548 31312000027  54.196
20181110 1512 A     72 00ED6  83111    23 351025  40.30296 -103.67407 31312000027  54.021
20181110 1513 A     73 00ED6  84021    22 353026  40.29572 -103.67294 31312000027  53.832
20181110 1514 A     74 00ED6  84931    21 354026  40.28837 -103.67210 31312000027  53.627
20181110 1515 A     75 00ED6  85841    20 356026  40.28091 -103.67153 31312000027  53.412
20181110 1516 A     76 00ED6  86751    19 355026  40.27346 -103.67075 31312000027  53.216
20181110 1517 A     77 00ED6  87661    18 353027  40.26595 -103.66969 31312000027  53.028
20181110 1518 A     78 00ED6  88571    18 352027  40.25844 -103.66842 31312000027  52.850
20181110 1519 A     79 00ED6  89481    17 351027  40.25093 -103.66694 31312000027  52.683
20181110 1520 A     80 00ED6  90391    16 349027  40.24337 -103.66518 31312000027  52.534
20181110 1521 A     81 00ED6  91301    16 348027  40.23580 -103.66320 31312000027  52.386
20181110 1522 A     82 00ED6  92211    15 347028  40.22818 -103.66102 31312000027  52.264
20181110 1523 A     83 00ED6  93121    14 346028  40.22057 -103.65862 31312000027  52.143
20181110 1524 A     84 00ED6  94031    14 345028  40.21294 -103.65601 31312000027  52.042
20181110 1525 A     85 00ED6  94941    13 344028  40.20527 -103.65319 31312000027  51.949
20181110 1526 A     86 00ED6  95851    12 342028  40.19760 -103.65009 31312000027  51.870
20181110 1527 A     87 00ED6  96761    12 341029  40.18987 -103.64677 31312000027  51.798
20181110 1528 A     88 00ED6  97671    11 340029  40.18214 -103.64325 31312000027  51.748
20181110 1529 A     89 00ED6  98581    11 339029  40.17441 -103.63952 31312000027  51.709
20181110 1530 A     90 00ED6  99491    11 338030  40.16663 -103.63557 31312000027  51.685
20181110 1531 A     91 00ED6 100401    11 338030  40.15885 -103.63163 31312000027  51.664
20181110 1532 A     92 00ED6 101311    11 338030  40.15107 -103.62769 31312000027  51.647
20181110 1533 A     93 00ED6 102221    10 338030  40.14330 -103.62374 31312000027  51.632
20181110 1534 A     94 00ED6 103131    10 338030  40.13551 -103.61980 31312000027  51.630
20181110 1535 D     95 00ED6 103500    10 338030  40.12774 -103.61586 31312000027  51.621
20181110 1536 D     96 00ED6  95596    13 343028  40.12006 -103.61284 31312000027  51.594
20181110 1537 D     97 00ED6  88689    18 352027  40.11255 -103.61157 31312000027  51.486
20181110 1538 D     98 00ED6  82781    23 350025  40.10547 -103.61002 31312000027  51.413
20181110 1539 D     99 00ED6  77624    29 339024  40.09904 -103.60686 31312000027  51.419
20181110 1540 D    100 00ED6  73028    38 325025  40.09320 -103.60165 31312000027  51.529
20181110 1541 D    101 00ED6  68994    46 314027  40.08791 -103.59454 31312000027  51.741
20181110 1542 D    102 00ED6  65328    54 301031  40.08331 -103.58476 31312000027  52.082
20181110 1543 D    103 00ED6  61973    65 289039  40.07959 -103.57126 31312000027  52.601
20181110 1544 D    104 00ED6  58906    75 283044  40.07667 -103.55564 31312000027  53.238
20181110 1545 D    105 00ED6  56057    87 279045  40.07451 -103.53939 31312000027  53.912
20181110 1546 D    106 00ED6  53404    98 276046  40.07305 -103.52258 31312000027  54.629
20181110 1547 D    107 00ED6  50893   112 277054  40.07121 -103.50317 31312000027  55.458
20181110 1548 D    108 00ED6  48537   127 277062  40.06884 -103.48088 31312000027  56.400
20181110 1549 D    109 00ED7  46314   140 276062  40.06689 -103.45831 31312000027  57.375
20181110 1550 D    110 00ED7  44190   154 276064  40.06473 -103.43503 31312000027  58.371
20181110 1551 D    111 00ED7  42163   170 276067  40.06268 -103.41062 31312000027  59.426
20181110 1552 D    112 00ED7  40244   187 275071  40.06078 -103.38503 31312000027  60.539
20181110 1553 D    113 00ED7  38418   203 274072  40.05910 -103.35872 31312000027  61.690
20181110 1554 D    114 00ED7  36670   223 273070  40.05803 -103.33327 31312000027  62.814
20181110 1555 D    115 00ED7  34993   241 271068  40.05749 -103.30851 31312000027  63.914
20181110 1556 D    116 00ED7  33371   260 270066  40.05733 -103.28453 31312000027  64.986
20181110 1557 D    117 00ED7  31800   281 269064  40.05738 -103.26132 31312000027  66.022
20181110 1558 D    118 00ED7  30276   300 269062  40.05759 -103.23875 31312000027  67.039
20181110 1559 D    119 00ED7  28789   322 269059  40.05781 -103.21723 31312000027  68.009
20181110 1600 D    120 00ED7  27342   343 269056  40.05803 -103.19670 31312000027  68.935
20181110 1601 D    121 00ED7  25929   364 269053  40.05808 -103.17722 31312000027  69.806
20181110 1602 D    122 00ED7  24547   388 271050  40.05781 -103.15894 31312000027  70.629
20181110 1603 D    123 00ED7  23199   411 271047  40.05738 -103.14178 31312000027  71.394
20181110 1604 D    124 00ED7  21881   434 272044  40.05689 -103.12575 31312000027  72.112
20181110 1605 D    125 00ED7  20592   459 272041  40.05646 -103.11077 31312000027  72.780
20181110 1606 D    126 00ED7  19331   484 271038  40.05613 -103.09671 31312000027  73.412
20181110 1607 D    127 00ED7  18098   508 271036  40.05581 -103.08348 31312000027  74.000
20181110 1608 D    128 00ED7  16888   536 274033  40.05505 -103.07125 31312000027  74.544
20181110 1609 D    129 00ED7  15704   561 278031  40.05370 -103.06001 31312000027  75.036
20181110 1610 D    130 00ED7  14541   587 286029  40.05143 -103.04987 31312000027  75.468
20181110 1611 D    131 00ED7  13399   615 295028  40.04802 -103.04066 31312000027  75.853
20181110 1612 D    132 00ED7  12277   643 305028  40.04332 -103.03215 31312000027  76.187
20181110 1613 D    133 00ED7  11174   668 311030  40.03781 -103.02393 31312000027  76.499
20181110 1614 D    134 00ED7  10088   698 315031  40.03149 -103.01591 31312000027  76.804
20181110 1615 D    135 00ED7   9019   730 312026  40.02657 -103.00888 31312000027  77.072
20181110 1616 D    136 00ED7   7968   758 308021  40.02290 -103.00277 31312000027  77.315
20181110 1617 D    137 00ED7   6932   786 303017  40.02025 -102.99750 31312000027  77.533
20181110 1618 D    138 00ED7   5910   816 296015  40.01830 -102.99251 31312000027  77.739
20181110 1619 D    139 00ED7   4906   851 290014  40.01684 -102.98744 31312000027  77.956
20181110 1620 D    140 00ED7   3925   883 289011  40.01576 -102.98351 31312000027  78.125
20181110 1621 D    141 00ED7   2944   916 288009  40.01490 -102.98013 31312000027  78.272
20181110 1622 D    142 00ED7   1963   951 288009  40.01403 -102.97676 31312000027  78.420
Approximate balloon landing site information...
  date   time elap     htMSL     lat     lon
               min        ft     deg     deg
--------------------------------------------
20181110 1622  142   1963.69   40.01 -102.98   approximately    85.7 nmi   E (106) of the launch site
