    date/time P   elap grid   htMSL  pres dirspd     lat      lon       file      dist
                   min   id      ft    mb deg kt     deg      deg                  nmi
_______________________________________________________________________________________
20181110 1420 A      0 00E35   4835                                   31312000027
20181110 1421 A      1 00E35   3836   883 265012  40.52694 -104.71910 31312000027  42.941
20181110 1422 A      2 00E35   5165   840 265012  40.52721 -104.71450 31312000027  42.945
20181110 1423 A      3 00E35   6494   800 267014  40.52742 -104.70905 31312000027  42.943
20181110 1424 A      4 00E35   7823   761 276034  40.52634 -104.69672 31312000027  42.851
20181110 1425 A      5 00E35   9152   724 283044  40.52353 -104.68087 31312000027  42.665
20181110 1426 A      6 00E35  10481   688 288049  40.51926 -104.66366 31312000027  42.397
20181110 1427 A      7 00E35  11810   654 289049  40.51461 -104.64652 31312000027  42.126
20181110 1428 A      8 00E35  13139   617 287049  40.51046 -104.62946 31312000027  41.896
20181110 1429 A      9 00E35  14468   586 286048  40.50673 -104.61261 31312000027  41.704
20181110 1430 A     10 00E35  15797   556 285047  40.50332 -104.59605 31312000027  41.546
20181110 1431 A     11 00E35  17126   527 282046  40.50040 -104.57941 31312000027  41.429
20181110 1432 A     12 00E35  18455   499 280047  40.49797 -104.56250 31312000027  41.368
20181110 1433 A     13 00ED5  19784   475 286042  40.49467 -104.54756 31312000027  41.254
20181110 1434 A     14 00ED5  21113   450 283043  40.49192 -104.53214 31312000027  41.177
20181110 1435 A     15 00ED5  22442   426 279045  40.48976 -104.51592 31312000027  41.169
20181110 1436 A     16 00ED5  23771   403 276046  40.48819 -104.49894 31312000027  41.208
20181110 1437 A     17 00ED6  25100   378 273052  40.48722 -104.47990 31312000027  41.320
20181110 1438 A     18 00ED6  26429   356 271055  40.48689 -104.45973 31312000027  41.494
20181110 1439 A     19 00ED6  27758   336 270057  40.48684 -104.43864 31312000027  41.714
20181110 1440 A     20 00ED6  29087   317 269060  40.48695 -104.41670 31312000027  41.981
20181110 1441 A     21 00ED6  30416   298 269062  40.48716 -104.39398 31312000027  42.282
20181110 1442 A     22 00ED6  31745   281 269063  40.48743 -104.37070 31312000027  42.619
20181110 1443 A     23 00ED6  33074   264 268065  40.48776 -104.34685 31312000027  42.983
20181110 1444 A     24 00ED6  34403   248 269067  40.48808 -104.32236 31312000027  43.393
20181110 1445 A     25 00ED6  35732   233 269070  40.48814 -104.29675 31312000027  43.832
20181110 1446 A     26 00ED6  37061   219 270073  40.48792 -104.26999 31312000027  44.302
20181110 1447 A     27 00ED6  38390   203 271076  40.48744 -104.24197 31312000027  44.811
20181110 1448 A     28 00ED6  39719   191 272077  40.48641 -104.21387 31312000027  45.324
20181110 1449 A     29 00ED6  41048   180 274076  40.48484 -104.18606 31312000027  45.831
20181110 1450 A     30 00ED6  42377   169 275075  40.48268 -104.15860 31312000027  46.325
20181110 1451 A     31 00ED6  43706   158 277075  40.47992 -104.13143 31312000027  46.817
20181110 1452 A     32 00ED6  45035   148 278073  40.47679 -104.10490 31312000027  47.308
20181110 1453 A     33 00ED6  46364   140 278069  40.47392 -104.07992 31312000027  47.790
20181110 1454 A     34 00ED6  47693   132 278064  40.47138 -104.05650 31312000027  48.273
20181110 1455 A     35 00ED6  49022   124 277060  40.46911 -104.03464 31312000027  48.746
20181110 1456 A     36 00ED6  50351   116 277056  40.46711 -104.01433 31312000027  49.205
20181110 1457 A     37 00ED6  51261   110 276053  40.46533 -103.99516 31312000027  49.654
20181110 1458 A     38 00ED6  52171   104 276049  40.46376 -103.97719 31312000027  50.090
20181110 1459 A     39 00ED6  53081   100 276047  40.46236 -103.96014 31312000027  50.521
20181110 1500 A     40 00ED6  53991    95 277046  40.46074 -103.94337 31312000027  50.935
20181110 1501 A     41 00ED6  54901    92 278046  40.45890 -103.92674 31312000027  51.345
20181110 1502 A     42 00ED6  55811    88 279045  40.45679 -103.91033 31312000027  51.752
20181110 1503 A     43 00ED6  56721    85 280045  40.45447 -103.89413 31312000027  52.143
20181110 1504 A     44 00ED6  57631    80 281044  40.45188 -103.87815 31312000027  52.531
20181110 1505 A     45 00ED6  58541    77 283044  40.44907 -103.86238 31312000027  52.904
20181110 1506 A     46 00ED6  59451    73 284044  40.44599 -103.84682 31312000027  53.274
20181110 1507 A     47 00ED6  60361    69 285043  40.44269 -103.83147 31312000027  53.627
20181110 1508 A     48 00ED6  61271    67 287041  40.43918 -103.81718 31312000027  53.945
20181110 1509 A     49 00ED6  62181    64 290038  40.43540 -103.80396 31312000027  54.231
20181110 1510 A     50 00ED6  63091    61 292036  40.43140 -103.79158 31312000027  54.478
20181110 1511 A     51 00ED6  64001    58 296034  40.42713 -103.78034 31312000027  54.689
20181110 1512 A     52 00ED6  64911    56 299032  40.42265 -103.76994 31312000027  54.859
20181110 1513 A     53 00ED6  65821    53 303030  40.41789 -103.76061 31312000027  54.993
20181110 1514 A     54 00ED6  66731    51 307029  40.41292 -103.75220 31312000027  55.084
20181110 1515 A     55 00ED6  67641    48 310028  40.40779 -103.74443 31312000027  55.161
20181110 1516 A     56 00ED6  68551    47 313027  40.40255 -103.73708 31312000027  55.218
20181110 1517 A     57 00ED6  69461    45 315027  40.39720 -103.73016 31312000027  55.255
20181110 1518 A     58 00ED6  70371    43 317026  40.39174 -103.72365 31312000027  55.281
20181110 1519 A     59 00ED6  71281    41 320026  40.38617 -103.71757 31312000027  55.295
20181110 1520 A     60 00ED6  72191    40 323025  40.38044 -103.71199 31312000027  55.281
20181110 1521 A     61 00ED6  73101    38 325025  40.37461 -103.70676 31312000027  55.258
20181110 1522 A     62 00ED6  74011    36 328025  40.36867 -103.70196 31312000027  55.222
20181110 1523 A     63 00ED6  74921    34 331024  40.36261 -103.69758 31312000027  55.164
20181110 1524 A     64 00ED6  75831    33 333024  40.35645 -103.69363 31312000027  55.087
20181110 1525 A     65 00ED6  76741    31 336024  40.35019 -103.69003 31312000027  55.005
20181110 1526 A     66 00ED6  77651    29 339024  40.34376 -103.68685 31312000027  54.899
20181110 1527 A     67 00ED6  78561    28 341024  40.33727 -103.68395 31312000027  54.781
20181110 1528 A     68 00ED6  79471    27 343024  40.33063 -103.68141 31312000027  54.656
20181110 1529 A     69 00ED6  80381    26 345025  40.32387 -103.67915 31312000027  54.514
20181110 1530 A     70 00ED6  81291    25 347025  40.31701 -103.67718 31312000027  54.363
20181110 1531 A     71 00ED6  82201    24 349025  40.31004 -103.67548 31312000027  54.196
20181110 1532 A     72 00ED6  83111    23 351025  40.30296 -103.67407 31312000027  54.021
20181110 1533 A     73 00ED6  84021    22 353026  40.29572 -103.67294 31312000027  53.832
20181110 1534 A     74 00ED6  84931    21 354026  40.28837 -103.67210 31312000027  53.627
20181110 1535 A     75 00ED6  85841    20 356026  40.28091 -103.67153 31312000027  53.412
20181110 1536 A     76 00ED6  86751    19 355026  40.27346 -103.67075 31312000027  53.216
20181110 1537 A     77 00ED6  87661    18 353027  40.26595 -103.66969 31312000027  53.028
20181110 1538 A     78 00ED6  88571    18 352027  40.25844 -103.66842 31312000027  52.850
20181110 1539 A     79 00ED6  89481    17 351027  40.25093 -103.66694 31312000027  52.683
20181110 1540 A     80 00ED6  90391    16 349027  40.24337 -103.66518 31312000027  52.534
20181110 1541 A     81 00ED6  91301    16 348027  40.23580 -103.66320 31312000027  52.386
20181110 1542 A     82 00ED6  92211    15 347028  40.22818 -103.66102 31312000027  52.264
20181110 1543 A     83 00ED6  93121    14 346028  40.22057 -103.65862 31312000027  52.143
20181110 1544 D     84 00ED6  93700    14 345028  40.21294 -103.65608 31312000027  52.039
20181110 1545 D     85 00ED6  88638    18 352027  40.20544 -103.65481 31312000027  51.884
20181110 1546 D     86 00ED6  84115    22 353026  40.19820 -103.65368 31312000027  51.735
20181110 1547 D     87 00ED6  80036    27 344024  40.19149 -103.65128 31312000027  51.660
20181110 1548 D     88 00ED6  76345    32 335024  40.18528 -103.64754 31312000027  51.651
20181110 1549 D     89 00ED6  72962    38 324025  40.17950 -103.64226 31312000027  51.728
20181110 1550 D     90 00ED6  69886    44 316026  40.17410 -103.63557 31312000027  51.865
20181110 1551 D     91 00ED6  67019    50 309028  40.16907 -103.62753 31312000027  52.080
20181110 1552 D     92 00ED6  64325    57 297033  40.16469 -103.61669 31312000027  52.432
20181110 1553 D     93 00ED6  61825    65 289040  40.16101 -103.60295 31312000027  52.922
20181110 1554 D     94 00ED6  59487    73 284044  40.15794 -103.58746 31312000027  53.503
20181110 1555 D     95 00ED6  57276    82 281045  40.15545 -103.57147 31312000027  54.130
20181110 1556 D     96 00ED6  55182    91 278046  40.15350 -103.55499 31312000027  54.792
20181110 1557 D     97 00ED6  53186    99 276046  40.15210 -103.53809 31312000027  55.481
20181110 1558 D     98 00ED6  51269   110 276053  40.15031 -103.51901 31312000027  56.260
20181110 1559 D     99 00ED6  49450   121 277059  40.14816 -103.49782 31312000027  57.118
20181110 1600 D    100 00ED7  47710   132 275061  40.14643 -103.47556 31312000027  58.043
20181110 1601 D    101 00ED7  46039   142 276063  40.14443 -103.45289 31312000027  58.981
20181110 1602 D    102 00ED7  44424   153 277064  40.14221 -103.42965 31312000027  59.951
20181110 1603 D    103 00ED7  42865   165 276066  40.14011 -103.40557 31312000027  60.952
20181110 1604 D    104 00ED7  41369   177 275069  40.13811 -103.38065 31312000027  61.999
20181110 1605 D    105 00ED7  39931   190 275071  40.13622 -103.35480 31312000027  63.097
20181110 1606 D    106 00ED7  38545   203 274072  40.13454 -103.32848 31312000027  64.217
20181110 1607 D    107 00ED7  37207   217 273071  40.13329 -103.30271 31312000027  65.331
20181110 1608 D    108 00ED7  35908   232 272069  40.13248 -103.27758 31312000027  66.421
20181110 1609 D    109 00ED7  34646   244 271067  40.13205 -103.25301 31312000027  67.495
20181110 1610 D    110 00ED7  33412   260 270066  40.13189 -103.22900 31312000027  68.552
20181110 1611 D    111 00ED7  32210   275 270064  40.13189 -103.20556 31312000027  69.587
20181110 1612 D    112 00ED7  31033   290 269063  40.13200 -103.18261 31312000027  70.600
20181110 1613 D    113 00ED7  29879   305 269061  40.13221 -103.16029 31312000027  71.592
20181110 1614 D    114 00ED7  28748   322 269059  40.13243 -103.13876 31312000027  72.551
20181110 1615 D    115 00ED7  27640   339 269057  40.13264 -103.11798 31312000027  73.477
20181110 1616 D    116 00ED7  26552   356 269055  40.13280 -103.09806 31312000027  74.363
20181110 1617 D    117 00ED7  25486   372 270052  40.13275 -103.07891 31312000027  75.212
20181110 1618 D    118 00ED7  24437   391 271050  40.13243 -103.06075 31312000027  76.017
20181110 1619 D    119 00ED7  23408   408 271047  40.13199 -103.04343 31312000027  76.780
20181110 1620 D    120 00ED7  22396   425 272045  40.13151 -103.02695 31312000027  77.510
20181110 1621 D    121 00ED7  21401   443 272043  40.13102 -103.01132 31312000027  78.196
20181110 1622 D    122 00ED7  20421   462 272041  40.13059 -102.99640 31312000027  78.855
20181110 1623 D    123 00ED7  19459   481 271039  40.13026 -102.98218 31312000027  79.487
20181110 1624 D    124 00ED7  18513   501 271037  40.13005 -102.96866 31312000027  80.086
20181110 1625 D    125 00ED7  17581   518 272035  40.12957 -102.95578 31312000027  80.657
20181110 1626 D    126 00ED7  16663   539 274033  40.12876 -102.94367 31312000027  81.186
20181110 1627 D    127 00ED7  15759   557 277031  40.12757 -102.93227 31312000027  81.680
20181110 1628 D    128 00ED7  14866   580 283029  40.12557 -102.92178 31312000027  82.121
20181110 1629 D    129 00ED7  13988   599 289028  40.12292 -102.91206 31312000027  82.523
20181110 1630 D    130 00ED7  13120   623 298028  40.11914 -102.90305 31312000027  82.877
20181110 1631 D    131 00ED7  12265   643 288027  40.11665 -102.89348 31312000030  83.276
20181110 1632 D    132 00ED7  11421   664 294028  40.11341 -102.88412 31312000030  83.652
20181110 1633 D    133 00ED7  10587   685 300029  40.10925 -102.87489 31312000030  84.018
20181110 1634 D    134 00ED7   9763   707 304029  40.10450 -102.86603 31312000030  84.361
20181110 1635 D    135 00ED7   8949   730 307027  40.09985 -102.85815 31312000030  84.661
20181110 1636 D    136 00ED7   8145   753 310024  40.09537 -102.85125 31312000030  84.918
20181110 1637 D    137 00ED7   7350   777 315021  40.09115 -102.84590 31312000030  85.111
20181110 1638 D    138 00ED7   6563   796 321018  40.08715 -102.84183 31312000030  85.252
20181110 1639 D    139 00ED7   5784   821 319013  40.08429 -102.83858 31312000030  85.367
20181110 1640 D    140 00ED7   5019   846 311008  40.08266 -102.83620 31312000030  85.455
20181110 1641 D    141 00ED7   4268   867 308007  40.08131 -102.83401 31312000030  85.539
20181110 1642 D    142 00ED7   3517   893 308007  40.08007 -102.83198 31312000030  85.621
20181110 1643 D    143 00ED7   2766   921 308006  40.07888 -102.83001 31312000030  85.695
20181110 1644 D    144 00ED7   2015   943 308006  40.07769 -102.82804 31312000030  85.770
20181110 1645 D    145 00ED7   1264   972 308006  40.07650 -102.82607 31312000030  85.850
20181110 1646 D    146 00ED7    513   995 308006  40.07532 -102.82410 31312000030  85.925
Approximate balloon landing site information...
  date   time elap     htMSL     lat     lon
               min        ft     deg     deg
--------------------------------------------
20181110 1646  146    513.19   40.08 -102.82   approximately    91.0 nmi   E (103) of the launch site
