    date/time P   elap grid   htMSL  pres dirspd     lat      lon       file      dist
                   min   id      ft    mb deg kt     deg      deg                  nmi
_______________________________________________________________________________________
20180728 1305 A      0 00ED6   5205                                   20812000024
20180728 1306 A      1 00ED6   4206   878 352008  39.60818 -104.04108 20812000024  31.113
20180728 1307 A      2 00ED6   5535   838 354009  39.60558 -104.04073 20812000024  31.196
20180728 1308 A      3 00ED6   6864   799 354008  39.60336 -104.04045 20812000024  31.261
20180728 1309 A      4 00ED6   8193   763  20006  39.60163 -104.04129 20812000024  31.256
20180728 1310 A      5 00ED6   9522   724 358006  39.59991 -104.04122 20812000024  31.303
20180728 1311 A      6 00ED6  10851   690 322008  39.59801 -104.03934 20812000024  31.431
20180728 1312 A      7 00ED6  12180   657 306012  39.59596 -104.03570 20812000024  31.633
20180728 1313 A      8 00ED6  13509   626 313015  39.59304 -104.03178 20812000024  31.873
20180728 1314 A      9 00ED6  14838   596 323018  39.58899 -104.02795 20812000024  32.140
20180728 1315 A     10 00ED6  16167   567 324022  39.58396 -104.02334 20812000024  32.454
20180728 1316 A     11 00ED6  17496   539 322026  39.57818 -104.01768 20812000024  32.842
20180728 1317 A     12 00ED6  18825   512 318029  39.57202 -104.01056 20812000024  33.305
20180728 1318 A     13 00ED6  20154   486 314032  39.56570 -104.00211 20812000024  33.811
20180728 1319 A     14 00ED6  21483   462 310035  39.55943 -103.99247 20812000024  34.385
20180728 1320 A     15 00ED6  22812   435 306036  39.55338 -103.98179 20812000024  34.987
20180728 1321 A     16 00ED6  24141   412 303037  39.54760 -103.97041 20812000024  35.607
20180728 1322 A     17 00ED6  25470   391 300038  39.54219 -103.95834 20812000024  36.253
20180728 1323 A     18 00ED6  26799   370 296040  39.53717 -103.94550 20812000024  36.929
20180728 1324 A     19 00ED6  28128   349 293041  39.53252 -103.93188 20812000024  37.609
20180728 1325 A     20 00ED6  29457   331 292044  39.52782 -103.91722 20812000024  38.341
20180728 1326 A     21 00ED6  30786   313 291047  39.52301 -103.90145 20812000024  39.122
20180728 1327 A     22 00ED6  32115   295 291050  39.51793 -103.88464 20812000024  39.954
20180728 1328 A     23 00ED6  33444   279 292054  39.51215 -103.86671 20812000024  40.850
20180728 1329 A     24 00ED6  34773   262 293057  39.50566 -103.84773 20812000024  41.820
20180728 1330 A     25 00ED6  36102   245 294062  39.49837 -103.82737 20812000024  42.857
20180728 1331 A     26 00EN6  37431   233 300073  39.48799 -103.80483 20812000027  44.064
20180728 1332 A     27 00EN6  38760   219 299075  39.47756 -103.78112 20812000027  45.324
20180728 1333 A     28 00EN6  40089   205 298078  39.46708 -103.75629 20812000027  46.636
20180728 1334 A     29 00EN6  41418   193 297077  39.45703 -103.73161 20812000027  47.927
20180728 1335 A     30 00EN6  42747   182 296073  39.44778 -103.70791 20812000027  49.162
20180728 1336 A     31 00EN6  44076   171 295070  39.43930 -103.68525 20812000027  50.325
20180728 1337 A     32 00EN6  45405   160 294066  39.43163 -103.66358 20812000027  51.425
20180728 1338 A     33 00EN6  46734   149 293062  39.42477 -103.64302 20812000027  52.465
20180728 1339 A     34 00EN6  48063   141 292054  39.41893 -103.62505 20812000027  53.365
20180728 1340 A     35 00EN6  49392   132 291045  39.41423 -103.60999 20812000027  54.117
20180728 1341 A     36 00EN6  50721   124 290037  39.41055 -103.59753 20812000027  54.730
20180728 1342 A     37 00EN6  51631   119 290032  39.40747 -103.58665 20812000027  55.264
20180728 1343 A     38 00EN6  52541   113 288026  39.40515 -103.57774 20812000027  55.701
20180728 1344 A     39 00EN6  53451   108 286021  39.40347 -103.57042 20812000027  56.046
20180728 1345 A     40 00EN6  54361   101 282015  39.40255 -103.56506 20812000027  56.295
20180728 1346 A     41 00EN6  55271    97 282012  39.40179 -103.56053 20812000027  56.499
20180728 1347 A     42 00EN6  56181    93 284011  39.40099 -103.55649 20812000027  56.695
20180728 1348 A     43 00EN6  57091    89 288010  39.40007 -103.55293 20812000027  56.860
20180728 1349 A     44 00EN6  58001    86 291009  39.39909 -103.54980 20812000027  57.023
20180728 1350 A     45 00EN6  58911    82 297008  39.39801 -103.54708 20812000027  57.163
20180728 1351 A     46 00EN6  59821    78 302007  39.39688 -103.54478 20812000027  57.284
20180728 1352 A     47 00EN6  60731    74 311006  39.39564 -103.54297 20812000027  57.398
20180728 1353 A     48 00EN6  61641    70 320006  39.39434 -103.54158 20812000027  57.485
20180728 1354 A     49 00EN6  62551    67 334004  39.39310 -103.54081 20812000027  57.555
20180728 1355 A     50 00EN6  63461    65 352004  39.39191 -103.54060 20812000027  57.596
20180728 1356 A     51 00EN6  64371    62  18004  39.39077 -103.54108 20812000027  57.602
20180728 1357 A     52 00EN6  65281    60  36004  39.38969 -103.54213 20812000027  57.585
20180728 1358 A     53 00EN6  66191    57  51005  39.38867 -103.54381 20812000027  57.546
20180728 1359 A     54 00EN6  67101    54  62007  39.38770 -103.54617 20812000027  57.472
20180728 1400 A     55 00EN6  68011    52  67008  39.38678 -103.54910 20812000027  57.377
20180728 1401 A     56 00EN6  68921    49  73010  39.38597 -103.55265 20812000027  57.250
20180728 1402 A     57 00EN6  69831    48  76010  39.38526 -103.55641 20812000027  57.120
20180728 1403 A     58 00EN6  70741    46  79011  39.38467 -103.56038 20812000027  56.969
20180728 1404 A     59 00EN6  71651    44  81011  39.38418 -103.56456 20812000027  56.812
20180728 1405 A     60 00EN6  72561    42  84012  39.38386 -103.56902 20812000027  56.633
20180728 1406 A     61 00EN6  73471    41  86013  39.38364 -103.57368 20812000027  56.450
20180728 1407 A     62 00EN6  74381    39  89013  39.38359 -103.57863 20812000027  56.245
20180728 1408 A     63 00EN6  75291    37  90014  39.38364 -103.58379 20812000027  56.035
20180728 1409 A     64 00EN6  76201    36  92014  39.38380 -103.58915 20812000027  55.813
20180728 1410 A     65 00EN6  77111    34  94015  39.38413 -103.59480 20812000027  55.568
20180728 1411 A     66 00EN6  78021    32  95016  39.38456 -103.60064 20812000027  55.317
20180728 1412 A     67 00EN6  78931    30  96017  39.38510 -103.60677 20812000027  55.052
20180728 1413 A     68 00EN6  79841    29  96018  39.38570 -103.61317 20812000027  54.769
20180728 1414 A     69 00EN6  80751    28  95018  39.38618 -103.61993 20812000027  54.486
20180728 1415 A     70 00EN6  81661    27  94019  39.38662 -103.62703 20812000027  54.185
20180728 1416 A     71 00EN6  82571    26  93021  39.38694 -103.63455 20812000027  53.865
20180728 1417 A     72 00EN6  83481    25  92021  39.38715 -103.64242 20812000027  53.536
20180728 1418 A     73 00EN6  84391    24  91023  39.38731 -103.65070 20812000027  53.198
20180728 1419 A     74 00EN6  85301    23  90023  39.38737 -103.65927 20812000027  52.852
20180728 1420 A     75 00EN6  86211    22  89025  39.38731 -103.66825 20812000027  52.487
20180728 1421 A     76 00EN6  87121    21  89026  39.38721 -103.67766 20812000027  52.113
20180728 1422 A     77 00EN6  88031    20  88027  39.38699 -103.68741 20812000027  51.721
20180728 1423 A     78 00EN6  88941    19  88027  39.38683 -103.69743 20812000027  51.329
20180728 1424 A     79 00EN6  89851    18  89028  39.38672 -103.70767 20812000027  50.925
20180728 1425 A     80 00EN6  90761    18  89029  39.38672 -103.71812 20812000027  50.508
20180728 1426 A     81 00EN6  91671    17  90029  39.38678 -103.72878 20812000027  50.077
20180728 1427 A     82 00EN6  92581    17  91030  39.38694 -103.73971 20812000027  49.640
20180728 1428 A     83 00EN6  93491    16  91031  39.38715 -103.75085 20812000027  49.190
20180728 1429 D     84 00EN6  94000    16  91031  39.38742 -103.76213 20812000027  48.737
20180728 1430 D     85 00EN6  89275    19  89028  39.38731 -103.77222 20812000027  48.346
20180728 1431 D     86 00EN6  84973    23  90023  39.38742 -103.78065 20812000027  48.009
20180728 1432 D     87 00EN6  81123    28  95019  39.38791 -103.78754 20812000027  47.722
20180728 1433 D     88 00EN6  77603    33  94016  39.38829 -103.79333 20812000027  47.491
20180728 1434 D     89 00EN6  74382    39  89013  39.38823 -103.79827 20812000027  47.297
20180728 1435 D     90 00EN6  71430    45  81011  39.38774 -103.80245 20812000027  47.152
20180728 1436 D     91 00EN6  68676    50  71010  39.38688 -103.80586 20812000027  47.043
20180728 1437 D     92 00EN6  66076    57  50005  39.38585 -103.80747 20812000027  47.018
20180728 1438 D     93 00EN6  63664    64 360004  39.38467 -103.80747 20812000027  47.057
20180728 1439 D     94 00EN6  61390    71 318006  39.38337 -103.80601 20812000027  47.159
20180728 1440 D     95 00EN6  59240    80 299008  39.38229 -103.80350 20812000027  47.290
20180728 1441 D     96 00EN6  57221    89 288010  39.38137 -103.79995 20812000027  47.458
20180728 1442 D     97 00EN6  55313    97 282012  39.38061 -103.79549 20812000027  47.650
20180728 1443 D     98 00EN6  53485   107 286020  39.37904 -103.78852 20812000027  47.974
20180728 1444 D     99 00EN6  51743   118 290031  39.37607 -103.77802 20812000027  48.485
20180728 1445 D    100 00EN6  50080   128 291041  39.37186 -103.76422 20812000027  49.151
20180728 1446 D    101 00EN6  48481   138 292051  39.36640 -103.74724 20812000027  49.996
20180728 1447 D    102 00EN6  46938   147 293060  39.35981 -103.72733 20812000027  50.988
20180728 1448 D    103 00EN6  45441   159 294065  39.35224 -103.70582 20812000027  52.067
20180728 1449 D    104 00EN6  43993   171 295070  39.34375 -103.68320 20812000027  53.229
20180728 1450 D    105 00EN6  42591   184 296074  39.33440 -103.65939 20812000027  54.466
20180728 1451 D    106 00EN6  41231   195 297078  39.32425 -103.63462 20812000027  55.762
20180728 1452 D    107 00EN6  39903   207 298078  39.31376 -103.60999 20812000027  57.064
20180728 1453 D    108 00EN6  38609   221 299075  39.30333 -103.58647 20812000027  58.321
20180728 1454 D    109 00EN6  37349   234 300072  39.29296 -103.56415 20812000027  59.530
20180728 1455 D    110 00EN6  36119   246 301070  39.28263 -103.54279 20812000027  60.701
20180728 1456 D    111 00EN6  34914   262 303066  39.27242 -103.52297 20812000027  61.804
20180728 1457 D    112 00EN6  33738   276 305063  39.26231 -103.50455 20812000027  62.852
20180728 1458 D    113 00EN6  32587   290 307059  39.25231 -103.48751 20812000027  63.840
20180728 1459 D    114 00EN7  31459   305 306049  39.24410 -103.47312 20812000027  64.672
20180728 1500 D    115 00EN7  30352   318 306046  39.23637 -103.45984 20812000027  65.436
20180728 1501 D    116 00EN7  29264   334 307042  39.22924 -103.44789 20812000027  66.134
20180728 1502 D    117 00EN7  28196   351 308038  39.22270 -103.43719 20812000027  66.767
20180728 1503 D    118 00EN7  27146   366 309035  39.21637 -103.42731 20812000027  67.359
20180728 1504 D    119 00EN7  26115   381 310033  39.21027 -103.41821 20812000027  67.911
20180728 1505 D    120 00EN7  25100   397 312031  39.20438 -103.40994 20812000027  68.427
20180728 1506 D    121 00EN7  24101   416 314030  39.19854 -103.40224 20812000027  68.915
20180728 1507 D    122 00EN7  23121   433 315029  39.19276 -103.39501 20812000027  69.385
20180728 1508 D    123 00EN7  22157   447 317028  39.18697 -103.38813 20812000027  69.841
20180728 1509 D    124 00EN7  21204   466 317026  39.18141 -103.38167 20812000027  70.278
20180728 1510 D    125 00EN7  20267   484 318025  39.17600 -103.37563 20812000027  70.690
20180728 1511 D    126 00EN7  19344   503 320024  39.17081 -103.37007 20812000027  71.072
20180728 1512 D    127 00EN7  18435   520 321022  39.16590 -103.36501 20812000027  71.435
20180728 1513 D    128 00EN7  17538   540 323020  39.16130 -103.36056 20812000027  71.760
20180728 1514 D    129 00EN7  16653   557 323019  39.15698 -103.35646 20812000027  72.058
20180728 1515 D    130 00EN7  15780   575 322018  39.15287 -103.35244 20812000027  72.351
20180728 1516 D    131 00EN7  14916   597 321017  39.14898 -103.34848 20812000027  72.632
20180728 1517 D    132 00EN7  14064   616 322017  39.14520 -103.34480 20812000027  72.904
20180728 1518 D    133 00EN7  13222   635 324016  39.14147 -103.34140 20812000027  73.161
20180728 1519 D    134 00EN7  12388   654 326015  39.13791 -103.33842 20812000027  73.391
20180728 1520 D    135 00EN7  11563   674 332012  39.13493 -103.33640 20812000027  73.569
20180728 1521 D    136 00EN7  10748   695 341009  39.13250 -103.33536 20812000027  73.689
20180728 1522 D    137 00EN7   9943   716   1006  39.13077 -103.33543 20812000027  73.748
20180728 1523 D    138 00EN7   9146   737  46004  39.12986 -103.33668 20812000027  73.732
20180728 1524 D    139 00EN7   8359   759  63005  39.12920 -103.33835 20812000027  73.688
20180728 1525 D    140 00EN7   7581   777  45004  39.12823 -103.33959 20812000027  73.672
20180728 1526 D    141 00EN7   6811   800  21005  39.12688 -103.34029 20812000027  73.690
20180728 1527 D    142 00EN7   6052   824   2008  39.12461 -103.34043 20812000027  73.762
20180728 1528 D    143 00EN7   5300   843 354010  39.12158 -103.34008 20812000027  73.876
20180728 1529 D    144 00EN7   4555   868 353011  39.11839 -103.33959 20812000027  74.006
20180728 1530 D    145 00EN7   3810   888 352011  39.11531 -103.33911 20812000027  74.130
20180728 1531 D    146 00EN7   3065   914 352011  39.11223 -103.33862 20812000027  74.255
20180728 1532 D    147 00EN7   2320   936 352011  39.10915 -103.33814 20812000027  74.380
20180728 1533 D    148 00EN7   1575   963 352011  39.10607 -103.33765 20812000027  74.505
20180728 1534 D    149 00EN7    830   986 352011  39.10299 -103.33717 20812000027  74.630
20180728 1535 D    150 00EN7     85 99999 269118  39.10332 -103.29486 20812000027  76.236
Approximate balloon landing site information...
  date   time elap     htMSL     lat     lon
               min        ft     deg     deg
--------------------------------------------
20180728 1535  150     85.78   39.10 -103.29   approximately    46.1 nmi ESE (124) of the launch site
